     0.00000     0.00000     0.00000
     1.00000     0.00000     0.00000
     2.00000     0.00000     0.00000
     3.00000   512.08664     2.82044
     4.00000   740.45525     6.91009
     5.00000   814.69801    11.42279
     6.00000   816.22566    15.93550
     7.00000   818.18467    20.44820
     8.00000   723.92981    24.39682
     9.00000   605.48566    27.64033
    10.00000   583.55292    30.74281
    11.00000   585.93981    33.84530
    12.00000   491.69898    36.38370
    13.00000   372.87193    38.21698
    14.00000   277.68385    39.48618
    15.00000   303.12594    40.89641
    16.00000   304.52209    42.30662
    17.00000   233.25615    43.29378
    18.00000   258.52673    44.42196
    19.00000   235.49119    45.40911
    20.00000   236.57069    46.39627
    21.00000   213.42262    47.24239
    22.00000   214.38494    48.08853
    23.00000   191.10683    48.79364
    24.00000   143.42010    49.21671
    25.00000   119.65841    49.49875
    26.00000   217.03051    50.34488
    27.00000   121.00544    50.62693
    28.00000    48.56311    50.48591
    29.00000   -48.64483    49.78079
    30.00000   -25.21668    49.21671
    31.00000   -25.87579    48.65262
    32.00000    94.74253    48.79364
    33.00000   119.16315    49.07568
    34.00000   143.75023    49.49875
    35.00000   217.03051    50.34488
    36.00000   169.52871    50.90897
    37.00000    97.42600    51.04999
    38.00000   146.12631    51.47306
    39.00000   122.37978    51.75510
    40.00000   122.72998    52.03715
    41.00000    98.81472    52.17817
    42.00000    74.72290    52.17817
    43.00000    74.72290    52.17817
    44.00000    74.72290    52.17817
    45.00000    74.72290    52.17817
    46.00000    74.72290    52.17817
    47.00000    98.98875    52.31919
    48.00000   123.43307    52.60124
    49.00000   196.59506    53.30634
    50.00000   270.31690    54.43453
    51.00000   247.51683    55.42168
    52.00000   248.83180    56.40883
    53.00000   250.16998    57.39599
    54.00000   251.53137    58.38314
    55.00000   277.20751    59.51132
    56.00000   254.52683    60.49848
    57.00000   231.66303    61.34460
    58.00000   208.61060    62.04972
    59.00000   161.05446    62.47278
    60.00000   137.38485    62.75483
    61.00000   162.10980    63.17789
    62.00000   114.14164    63.31892
    63.00000   114.35310    63.45994
    64.00000   114.56653    63.60096
    65.00000   163.39334    64.02403
    66.00000   164.03925    64.44709
    67.00000   164.69093    64.87015
    68.00000   165.34838    65.29323
    69.00000   141.69622    65.57527
    70.00000   166.44960    65.99834
    71.00000   118.48940    66.13935
    72.00000   118.71335    66.28038
    73.00000   118.93475    66.42140
    74.00000   119.15965    66.56243
    75.00000   119.38200    66.70344
    76.00000    70.97749    66.56243
    77.00000    70.75260    66.42140
    78.00000    70.53120    66.28038
    79.00000    70.30725    66.13935
    80.00000    94.39908    66.13935
    81.00000    94.39908    66.13935
    82.00000   118.71335    66.28038
    83.00000   118.93475    66.42140
    84.00000    94.84443    66.42140
    85.00000   119.15965    66.56243
    86.00000    70.75260    66.42140
    87.00000    70.53120    66.28038
    88.00000    70.30725    66.13935
    89.00000    -2.84873    65.57527
    90.00000    44.89225    65.29323
    91.00000    68.76345    65.15220
    92.00000   117.16623    65.29323
    93.00000   141.69622    65.57527
    94.00000   190.76188    66.13935
    95.00000   143.02658    66.42140
    96.00000   167.78999    66.84447
    97.00000   168.46433    67.26753
    98.00000   169.14443    67.69060
    99.00000   145.50988    67.97264
   100.00000   170.28742    68.39571
   101.00000   170.98040    68.81878
   102.00000   171.67464    69.24184
   103.00000   123.72535    69.38286
   104.00000    75.31184    69.24184
   105.00000    99.40216    69.24184
   106.00000    75.07946    69.10082
   107.00000    99.16978    69.10082
   108.00000   123.49249    69.24184
   109.00000   123.72535    69.38286
   110.00000   123.96019    69.52389
   111.00000   124.19249    69.66491
   112.00000   124.42828    69.80593
   113.00000   100.33645    69.80593
   114.00000   100.33645    69.80593
   115.00000    76.01034    69.66491
   116.00000    27.12969    69.24184
   117.00000    50.75571    68.95980
   118.00000    25.97249    68.53673
   119.00000    49.60325    68.25469
   120.00000    24.82714    67.83162
   121.00000    -0.17245    67.26753
   122.00000    23.24354    66.84447
   123.00000    71.19985    66.70344
   124.00000   143.92297    66.98549
   125.00000   168.69055    67.40855
   126.00000   120.73661    67.54958
   127.00000   120.96228    67.69060
   128.00000    72.55446    67.54958
   129.00000    96.64479    67.54958
   130.00000    96.64479    67.54958
   131.00000   120.96228    67.69060
   132.00000    96.87196    67.69060
   133.00000    96.87196    67.69060
   134.00000    72.55446    67.54958
   135.00000   -49.25478    66.70344
   136.00000  -220.76478    64.87015
   137.00000  -563.74845    61.06257
   138.00000  -423.40858    58.10110
   139.00000  -330.29265    55.70372
   140.00000     6.42011    55.28065
   141.00000    30.14295    54.99862
   142.00000    78.32360    54.99862
   143.00000   102.59893    55.13963
   144.00000   175.61769    55.70372
   145.00000   224.92971    56.54985
   146.00000   298.93274    57.81905
   147.00000   324.99074    59.22928
   148.00000   351.29858    60.78052
   149.00000   232.07616    61.62665
   150.00000   184.72747    62.19074
   151.00000   136.96414    62.47278
   152.00000   113.08243    62.61380
   153.00000   137.59591    62.89585
   154.00000   113.71713    63.03687
   155.00000   138.23197    63.31892
   156.00000   162.96260    63.74198
   157.00000   212.22140    64.44709
   158.00000   140.38291    64.72914
   159.00000   189.43871    65.29323
   160.00000   214.63175    65.99834
   161.00000   118.48940    66.13935
   162.00000   118.71335    66.28038
   163.00000   118.93475    66.42140
   164.00000   216.42072    67.12651
   165.00000   168.91876    67.54958
   166.00000   120.96228    67.69060
   167.00000    96.87196    67.69060
   168.00000    72.55446    67.54958
   169.00000    72.32625    67.40855
   170.00000   -25.16295    66.70344
   171.00000   -50.59083    65.85731
   172.00000   -27.59935    65.15220
   173.00000    19.92828    64.72914
   174.00000    43.58463    64.44709
   175.00000    43.15254    64.16505
   176.00000    67.02904    64.02403
   177.00000    66.81268    63.88300
   178.00000    17.99029    63.45994
   179.00000  -152.75479    62.04972
   180.00000  -130.52143    60.78052
   181.00000  -132.34002    59.51132
   182.00000   -85.54580    58.52417
   183.00000    83.09098    58.52417
   184.00000   228.82416    59.37029
   185.00000   278.61866    60.49848
   186.00000   231.66303    61.34460
   187.00000   184.31054    61.90869
   188.00000    15.05193    61.48563
   189.00000    14.43437    61.06257
   190.00000    13.81956    60.63949
   191.00000   110.38933    60.78052
   192.00000   159.18470    61.20358
   193.00000   208.40087    61.90869
   194.00000   185.14629    62.47278
   195.00000   161.68624    62.89585
   196.00000   162.32379    63.31892
   197.00000    65.74550    63.17789
   198.00000    -7.37220    62.61380
   199.00000   -32.50839    61.90869
   200.00000   -33.54240    61.20358
   201.00000    38.31978    60.92154
   202.00000    86.50193    60.92154
   203.00000    62.20718    60.78052
   204.00000    62.00171    60.63949
   205.00000    86.09353    60.63949
   206.00000   110.38933    60.78052
   207.00000   159.18470    61.20358
   208.00000   208.40087    61.90869
   209.00000   112.24630    62.04972
   210.00000   -33.33805    61.34460
   211.00000  -131.53650    60.07540
   212.00000  -181.90860    58.52417
   213.00000  -111.19541    57.39599
   214.00000   -88.44176    56.40883
   215.00000    80.19502    56.40883
   216.00000   153.03815    56.83190
   217.00000   250.75059    57.81905
   218.00000   324.99074    59.22928
   219.00000   254.12128    60.21643
   220.00000   182.66180    60.78052
   221.00000   110.59226    60.92154
   222.00000   135.09437    61.20358
   223.00000   208.40087    61.90869
   224.00000   185.14629    62.47278
   225.00000   185.98961    63.03687
   226.00000   186.83901    63.60096
   227.00000   163.39334    64.02403
   228.00000   188.34784    64.58812
   229.00000   262.15085    65.57527
   230.00000   190.76188    66.13935
   231.00000   167.34180    66.56243
   232.00000   143.69817    66.84447
   233.00000    71.19985    66.70344
   234.00000    95.29167    66.70344
   235.00000    70.97749    66.56243
   236.00000    95.06782    66.56243
   237.00000    95.06782    66.56243
   238.00000    70.75260    66.42140
   239.00000    70.53120    66.28038
   240.00000    94.62152    66.28038
   241.00000    70.30725    66.13935
   242.00000    70.08679    65.99834
   243.00000   118.48940    66.13935
   244.00000   118.71335    66.28038
   245.00000   143.24997    66.56243
   246.00000   168.01329    66.98549
   247.00000   193.00909    67.54958
   248.00000   120.96228    67.69060
   249.00000    96.87196    67.69060
   250.00000    96.87196    67.69060
   251.00000    96.87196    67.69060
   252.00000    96.87196    67.69060
   253.00000   121.19144    67.83162
   254.00000   121.41806    67.97264
   255.00000    97.32773    67.97264
   256.00000    73.00929    67.83162
   257.00000   218.69960    68.53673
   258.00000   171.21034    68.95980
   259.00000   147.58431    69.24184
   260.00000    99.40216    69.24184
   261.00000    99.40216    69.24184
   262.00000    99.40216    69.24184
   263.00000    99.40216    69.24184
   264.00000    75.07946    69.10082
   265.00000    74.84604    68.95980
   266.00000   -71.30905    67.97264
   267.00000   -24.26277    67.26753
   268.00000    47.55867    66.98549
   269.00000    22.79534    66.56243
   270.00000   -26.50051    65.85731
   271.00000   -27.59935    65.15220
   272.00000    44.23630    64.87015
   273.00000    43.80288    64.58812
   274.00000    43.36835    64.30607
   275.00000    42.93721    64.02403
   276.00000    42.50797    63.74198
   277.00000    42.08062    63.45994
   278.00000    17.35283    63.03687
   279.00000    41.02055    62.75483
   280.00000    16.29836    62.33176
   281.00000   -81.51871    61.34460
   282.00000   -82.94975    60.35745
   283.00000  -108.64712    59.22928
   284.00000  -377.34493    56.54985
   285.00000  -283.77559    54.43453
   286.00000  -189.39578    52.88328
   287.00000  -336.89259    50.48591
   288.00000  -194.18471    48.93467
   289.00000   -98.95960    47.94751
   290.00000  -100.07559    46.96036
   291.00000  -125.41439    45.83218
   292.00000  -126.63106    44.70400
   293.00000  -200.52543    43.15276
   294.00000  -177.86267    41.74253
   295.00000  -130.78576    40.61436
   296.00000   -34.96496    40.05027
   297.00000   109.85155    40.33232
   298.00000   279.72702    41.60152
   299.00000   523.37731    44.28093
   300.00000   550.53921    47.10138
   301.00000   602.31733    50.20386
   302.00000   533.33349    52.88328
   303.00000   463.96432    55.13963
   304.00000   345.57607    56.69088
   305.00000   299.12723    57.96008
   306.00000   252.31974    58.94723
   307.00000   229.42618    59.79337
   308.00000   182.04984    60.35745
   309.00000   207.16297    61.06257
   310.00000   208.19312    61.76767
   311.00000   209.23661    62.47278
   312.00000   185.98961    63.03687
   313.00000   162.53525    63.45994
   314.00000   138.87227    63.74198
   315.00000   139.30152    64.02403
   316.00000   115.42502    64.16505
   317.00000   164.25751    64.58812
   318.00000   140.59911    64.87015
   319.00000   116.72846    65.01118
   320.00000   189.87837    65.57527
   321.00000   166.44960    65.99834
   322.00000   167.11691    66.42140
   323.00000   240.73831    67.26753
   324.00000   242.10279    68.11367
   325.00000   267.80656    69.10082
   326.00000   269.44322    70.08798
   327.00000   246.77272    70.93410
   328.00000   272.54432    71.92126
   329.00000   274.24731    72.90841
   330.00000   275.97502    73.89557
   331.00000   277.72295    74.88273
   332.00000   279.49558    75.86988
   333.00000   281.29143    76.85704
   334.00000   283.11050    77.84419
   335.00000   260.59785    78.69033
   336.00000   262.19108    79.53645
   337.00000   239.44272    80.24156
   338.00000   143.34974    80.38259
   339.00000   143.61853    80.52361
   340.00000   168.25235    80.80565
   341.00000   193.15923    81.22872
   342.00000   169.61564    81.51076
   343.00000   170.16428    81.79281
   344.00000   146.34899    81.93383
   345.00000   195.35756    82.35690
   346.00000   196.18974    82.77996
   347.00000   148.28744    82.92099
   348.00000   148.56476    83.06200
   349.00000   148.84555    83.20303
   350.00000   124.75373    83.20303
   351.00000   100.38261    83.06200
   352.00000   100.10529    82.92099
   353.00000    75.45725    82.63894
   354.00000    74.90293    82.35690
   355.00000    74.35051    82.07485
   356.00000    98.16684    81.93383
   357.00000    97.89030    81.79281
   358.00000    97.61725    81.65179
   359.00000    48.61278    81.22872
   360.00000    72.16127    80.94668
   361.00000    71.61682    80.66463
   362.00000    95.43637    80.52361
   363.00000    95.16759    80.38259
   364.00000   119.25792    80.38259
   365.00000    94.89627    80.24156
   366.00000   118.98809    80.24156
   367.00000   118.98809    80.24156
   368.00000   143.34974    80.38259
   369.00000   119.25792    80.38259
   370.00000   119.25792    80.38259
   371.00000   119.25792    80.38259
   372.00000   119.25792    80.38259
   373.00000   119.25792    80.38259
   374.00000   119.25792    80.38259
   375.00000   119.25792    80.38259
   376.00000   119.25792    80.38259
   377.00000    94.89627    80.24156
   378.00000    94.62843    80.10054
   379.00000    45.64110    79.67748
   380.00000    44.83867    79.25441
   381.00000    68.39892    78.97236
   382.00000   116.58107    78.97236
   383.00000   116.58107    78.97236
   384.00000   140.93845    79.11339
   385.00000   189.91860    79.53645
   386.00000   190.72236    79.95952
   387.00000   167.17024    80.24156
   388.00000   167.71035    80.52361
   389.00000   168.25235    80.80565
   390.00000   144.43375    80.94668
   391.00000   120.34192    80.94668
   392.00000    71.61682    80.66463
   393.00000    71.07577    80.38259
   394.00000    94.89627    80.24156
   395.00000    45.90901    79.81850
   396.00000    45.10668    79.39543
   397.00000    68.66448    79.11339
   398.00000   189.91860    79.53645
   399.00000   190.72236    79.95952
   400.00000   215.89250    80.52361
   401.00000   216.97840    81.08770
   402.00000   193.70597    81.51076
   403.00000   170.16428    81.79281
   404.00000   121.98213    81.79281
   405.00000   121.98213    81.79281
   406.00000   121.98213    81.79281
   407.00000   121.98213    81.79281
   408.00000   121.98213    81.79281
   409.00000    97.61725    81.65179
   410.00000    97.34167    81.51076
   411.00000    97.06956    81.36974
   412.00000   121.15989    81.36974
   413.00000   145.52382    81.51076
   414.00000   145.79940    81.65179
   415.00000   146.07245    81.79281
   416.00000   146.34899    81.93383
   417.00000   195.35756    82.35690
   418.00000   244.92906    83.06200
   419.00000   173.21564    83.34405
   420.00000   198.14810    83.76711
   421.00000   223.36941    84.33120
   422.00000   151.38050    84.47223
   423.00000   127.28867    84.47223
   424.00000   102.91328    84.33120
   425.00000    78.25727    84.04916
   426.00000    77.69347    83.76711
   427.00000    77.13157    83.48507
   428.00000   100.94316    83.34405
   429.00000   100.66340    83.20303
   430.00000   100.38261    83.06200
   431.00000    75.73512    82.77996
   432.00000    99.54908    82.63894
   433.00000    99.27017    82.49791
   434.00000    98.99476    82.35690
   435.00000   123.08508    82.35690
   436.00000    98.71831    82.21588
   437.00000    98.44083    82.07485
   438.00000    98.16684    81.93383
   439.00000    97.89030    81.79281
   440.00000    97.61725    81.65179
   441.00000   121.70758    81.65179
   442.00000   121.70758    81.65179
   443.00000   121.70758    81.65179
   444.00000   121.70758    81.65179
   445.00000   146.07245    81.79281
   446.00000   146.34899    81.93383
   447.00000   122.25716    81.93383
   448.00000   146.62298    82.07485
   449.00000   122.53266    82.07485
   450.00000   122.53266    82.07485
   451.00000    98.16684    81.93383
   452.00000    97.89030    81.79281
   453.00000   121.98213    81.79281
   454.00000   121.98213    81.79281
   455.00000   121.98213    81.79281
   456.00000   121.98213    81.79281
   457.00000   121.98213    81.79281
   458.00000    97.61725    81.65179
   459.00000   121.70758    81.65179
   460.00000   146.07245    81.79281
   461.00000   146.34899    81.93383
   462.00000   122.25716    81.93383
   463.00000   146.62298    82.07485
   464.00000   146.90047    82.21588
   465.00000   122.80864    82.21588
   466.00000   122.80864    82.21588
   467.00000    98.44083    82.07485
   468.00000    98.16684    81.93383
   469.00000    97.89030    81.79281
   470.00000    73.25134    81.51076
   471.00000    48.34162    81.08770
   472.00000    23.16390    80.52361
   473.00000    95.16759    80.38259
   474.00000    21.81719    79.81850
   475.00000    -3.60800    79.11339
   476.00000    92.48924    78.97236
   477.00000    67.87075    78.69033
   478.00000    42.98644    78.26725
   479.00000    42.20124    77.84419
   480.00000    90.12060    77.70316
   481.00000    89.86129    77.56215
   482.00000    89.60095    77.42113
   483.00000   113.69128    77.42113
   484.00000   113.69128    77.42113
   485.00000   113.69128    77.42113
   486.00000   113.69128    77.42113
   487.00000   113.69128    77.42113
   488.00000   138.04194    77.56215
   489.00000   113.95161    77.56215
   490.00000   113.95161    77.56215
   491.00000   113.95161    77.56215
   492.00000   113.95161    77.56215
   493.00000   113.95161    77.56215
   494.00000   138.30275    77.70316
   495.00000   114.21242    77.70316
   496.00000    89.86129    77.56215
   497.00000    89.60095    77.42113
   498.00000   113.69128    77.42113
   499.00000    89.33958    77.28010
   500.00000    89.08169    77.13908
   501.00000    88.82127    76.99805
   502.00000    64.21452    76.71601
   503.00000    88.04885    76.57499
   504.00000   112.13918    76.57499
   505.00000    87.79032    76.43396
   506.00000    87.53528    76.29295
   507.00000   111.62560    76.29295
   508.00000   111.62560    76.29295
   509.00000    87.27921    76.15193
   510.00000   111.36954    76.15193
   511.00000   111.36954    76.15193
   512.00000   111.36954    76.15193
   513.00000   111.36954    76.15193
   514.00000   111.36954    76.15193
   515.00000   111.36954    76.15193
   516.00000   111.36954    76.15193
   517.00000   135.71593    76.29295
   518.00000   135.97247    76.43396
   519.00000   184.92863    76.85704
   520.00000   185.70388    77.28010
   521.00000   137.78310    77.42113
   522.00000   138.04194    77.56215
   523.00000   138.30275    77.70316
   524.00000   138.56554    77.84419
   525.00000   114.47372    77.84419
   526.00000   138.82580    77.98521
   527.00000   139.08954    78.12624
   528.00000   139.35074    78.26725
   529.00000   139.61543    78.40828
   530.00000   139.87759    78.54930
   531.00000   140.14322    78.69033
   532.00000   140.40632    78.83134
   533.00000   140.67139    78.97236
   534.00000   116.58107    78.97236
   535.00000   116.58107    78.97236
   536.00000   116.58107    78.97236
   537.00000   116.58107    78.97236
   538.00000   116.58107    78.97236
   539.00000   116.58107    78.97236
   540.00000   116.58107    78.97236
   541.00000   116.58107    78.97236
   542.00000   116.58107    78.97236
   543.00000   116.58107    78.97236
   544.00000   116.58107    78.97236
   545.00000   116.58107    78.97236
   546.00000   116.58107    78.97236
   547.00000    92.22567    78.83134
   548.00000   116.31600    78.83134
   549.00000   116.31600    78.83134
   550.00000    91.96107    78.69033
   551.00000    67.34146    78.40828
   552.00000    66.81556    78.12624
   553.00000    66.29157    77.84419
   554.00000    90.12060    77.70316
   555.00000    89.86129    77.56215
   556.00000    89.60095    77.42113
   557.00000    40.63912    76.99805
   558.00000    64.21452    76.71601
   559.00000    63.70000    76.43396
   560.00000    87.53528    76.29295
   561.00000    38.58632    75.86988
   562.00000    13.47872    75.30579
   563.00000    85.49994    75.16477
   564.00000    60.90402    74.88273
   565.00000    60.40181    74.60068
   566.00000    35.56023    74.17761
   567.00000    59.15609    73.89557
   568.00000    58.65902    73.61353
   569.00000    82.50227    73.47250
   570.00000    82.25717    73.33148
   571.00000   106.34750    73.33148
   572.00000   106.34750    73.33148
   573.00000   106.34750    73.33148
   574.00000   130.68442    73.47250
   575.00000    82.25717    73.33148
   576.00000   106.34750    73.33148
   577.00000    82.00954    73.19046
   578.00000    33.09335    72.76739
   579.00000    56.69569    72.48535
   580.00000    31.87693    72.06229
   581.00000     6.82050    71.49819
   582.00000     5.86346    70.93410
   583.00000   -19.41249    70.22900
   584.00000   -20.58627    69.52389
   585.00000   -46.07100    68.67775
   586.00000   -23.12690    67.97264
   587.00000    73.00929    67.83162
   588.00000    72.78013    67.69060
   589.00000    96.87196    67.69060
   590.00000   121.19144    67.83162
   591.00000   170.05788    68.25469
   592.00000   219.39249    68.95980
   593.00000   123.26161    69.10082
   594.00000   123.49249    69.24184
   595.00000    99.40216    69.24184
   596.00000    75.07946    69.10082
   597.00000    99.16978    69.10082
   598.00000    74.84604    68.95980
   599.00000    25.97249    68.53673
   600.00000    25.28386    68.11367
   601.00000    24.59798    67.69060
   602.00000    72.55446    67.54958
   603.00000    72.32625    67.40855
   604.00000    72.10153    67.26753
   605.00000   144.82694    67.54958
   606.00000   193.92064    68.11367
   607.00000   267.80656    69.10082
   608.00000   123.49249    69.24184
   609.00000    75.07946    69.10082
   610.00000    74.84604    68.95980
   611.00000  -119.94697    67.69060
   612.00000  -121.97450    66.42140
   613.00000  -123.96365    65.15220
   614.00000    68.54631    65.01118
   615.00000    92.63663    65.01118
   616.00000   116.94560    65.15220
   617.00000   263.03586    66.13935
   618.00000   313.23701    67.40855
   619.00000   388.26269    69.10082
   620.00000   269.44322    70.08798
   621.00000   319.76377    71.35718
   622.00000   321.94053    72.62638
   623.00000   275.47795    73.61353
   624.00000   228.53828    74.31864
   625.00000   181.10730    74.74170
   626.00000   254.89642    75.58784
   627.00000   207.73384    76.15193
   628.00000   135.71593    76.29295
   629.00000   184.66915    76.71601
   630.00000   185.44599    77.13908
   631.00000   210.57522    77.70316
   632.00000   187.27169    78.12624
   633.00000   114.99772    78.12624
   634.00000    17.58731    77.56215
   635.00000    -7.79998    76.85704
   636.00000  -106.46897    75.58784
   637.00000  -157.41584    74.03659
   638.00000  -452.10279    70.79309
   639.00000  -384.49228    67.97264
   640.00000  -316.03197    65.57527
   641.00000    20.58130    65.15220
   642.00000    44.23630    64.87015
   643.00000    92.41845    64.87015
   644.00000   165.34838    65.29323
   645.00000   214.63175    65.99834
   646.00000   264.37760    66.98549
   647.00000   265.96451    67.97264
   648.00000   243.25288    68.81878
   649.00000   268.97323    69.80593
   650.00000   270.62648    70.79309
   651.00000   223.63943    71.49819
   652.00000   200.51371    72.06229
   653.00000   250.15548    72.90841
   654.00000   227.29730    73.61353
   655.00000   179.85771    74.03659
   656.00000    10.22979    73.47250
   657.00000   -15.08880    72.76739
   658.00000   -16.30522    72.06229
   659.00000    79.81571    71.92126
   660.00000   103.90754    71.92126
   661.00000   128.24123    72.06229
   662.00000   177.15031    72.48535
   663.00000   177.88301    72.90841
   664.00000   178.62147    73.33148
   665.00000   155.02333    73.61353
   666.00000   179.85771    74.03659
   667.00000   180.60604    74.45966
   668.00000    83.99333    74.31864
   669.00000    83.74238    74.17761
   670.00000    34.81624    73.75455
   671.00000   107.08872    73.75455
   672.00000   131.42857    73.89557
   673.00000   131.67556    74.03659
   674.00000   156.26580    74.31864
   675.00000   108.08365    74.31864
   676.00000    35.06427    73.89557
   677.00000    34.32012    73.47250
   678.00000     9.24623    72.90841
   679.00000   -40.39555    72.06229
   680.00000   -41.84112    71.21615
   681.00000     5.38779    70.65206
   682.00000    28.76966    70.22900
   683.00000    76.71612    70.08798
   684.00000    76.47938    69.94695
   685.00000    76.24613    69.80593
   686.00000   100.33645    69.80593
   687.00000   148.98859    70.08798
   688.00000   173.78745    70.51104
   689.00000   150.17185    70.79309
   690.00000   199.30914    71.35718
   691.00000   224.60404    72.06229
   692.00000   225.82046    72.76739
   693.00000   178.37384    73.19046
   694.00000   130.43932    73.33148
   695.00000   130.68442    73.47250
   696.00000   179.61072    73.89557
   697.00000   229.03859    74.60068
   698.00000   205.95457    75.16477
   699.00000   206.96694    75.72886
   700.00000   232.33678    76.43396
   701.00000   184.92863    76.85704
   702.00000   185.70388    77.28010
   703.00000   162.13376    77.56215
   704.00000   235.71505    78.26725
   705.00000   212.68030    78.83134
   706.00000   165.02878    79.11339
   707.00000   165.56131    79.39543
   708.00000   141.73645    79.53645
   709.00000   142.00540    79.67748
   710.00000   166.63053    79.95952
   711.00000   167.17024    80.24156
   712.00000   143.34974    80.38259
   713.00000   192.34268    80.80565
   714.00000   217.52419    81.36974
   715.00000   242.98729    82.07485
   716.00000   268.74207    82.92099
   717.00000   197.30597    83.34405
   718.00000   149.40405    83.48507
   719.00000   100.94316    83.34405
   720.00000    51.92314    82.92099
   721.00000    51.08802    82.49791
   722.00000    25.89436    81.93383
   723.00000    24.79559    81.36974
   724.00000    23.70590    80.80565
   725.00000    71.34605    80.52361
   726.00000    46.44628    80.10054
   727.00000    45.64110    79.67748
   728.00000    44.83867    79.25441
   729.00000   -53.37636    78.26725
   730.00000  -103.90584    76.99805
   731.00000    -8.82902    76.29295
   732.00000    14.23984    75.72886
   733.00000   -11.11666    75.02375
   734.00000    36.31148    74.60068
   735.00000    11.22094    74.03659
   736.00000   -14.10713    73.33148
   737.00000   -64.00222    72.34433
   738.00000   -90.02327    71.21615
   739.00000  -140.57280    69.80593
   740.00000  -142.89581    68.39571
   741.00000  -120.85284    67.12651
   742.00000   -98.54999    65.99834
   743.00000  -197.54091    64.30607
   744.00000  -248.70272    62.33176
   745.00000  -324.46520    59.93438
   746.00000  -716.30916    55.28065
   747.00000  -722.17846    50.62693
   748.00000  -727.53482    45.97319
   749.00000  -732.37224    41.31947
   750.00000  -542.96750    37.79392
   751.00000  -497.58039    34.55041
   752.00000  -669.48623    30.31975
   753.00000  -430.51946    27.49931
   754.00000  -456.44545    24.53785
   755.00000  -506.39994    21.29433
   756.00000  -604.52132    17.48674
   757.00000  -605.94952    13.67914
   758.00000  -607.16475     9.87155
   759.00000  -439.89186     7.05110
   760.00000  -371.20033     4.65373
   761.00000  -282.91660     2.82044
   762.00000  -300.35273     0.98715
   763.00000  -168.63678     0.00000
   764.00000     0.00000     0.00000
   765.00000     0.00000     0.00000
