  0.00000000   0.00000000
  0.00000000   0.00000000
  0.00000000   0.00000000
512.08664000   2.82044000
740.45525000   6.91009000
814.69801000  11.42279000
816.22566000  15.93550000
818.18467000  20.44820000
723.92981000  24.39682000
605.48566000  27.64033000
583.55292000  30.74281000
585.93981000  33.84530000
491.69898000  36.38370000
372.87193000  38.21698000
277.68385000  39.48618000
303.12594000  40.89641000
304.52209000  42.30662000
233.25615000  43.29378000
258.52673000  44.42196000
235.49119000  45.40911000
236.57069000  46.39627000
213.42262000  47.24239000
214.38494000  48.08853000
191.10683000  48.79364000
143.42010000  49.21671000
119.65841000  49.49875000
217.03051000  50.34488000
121.00544000  50.62693000
 48.56311000  50.48591000
-48.64483000  49.78079000
-25.21668000  49.21671000
-25.87579000  48.65262000
 94.74253000  48.79364000
119.16315000  49.07568000
143.75023000  49.49875000
217.03051000  50.34488000
169.52871000  50.90897000
 97.42600000  51.04999000
146.12631000  51.47306000
122.37978000  51.75510000
122.72998000  52.03715000
 98.81472000  52.17817000
 74.72290000  52.17817000
 74.72290000  52.17817000
 74.72290000  52.17817000
 74.72290000  52.17817000
 74.72290000  52.17817000
 98.98875000  52.31919000
123.43307000  52.60124000
196.59506000  53.30634000
270.31690000  54.43453000
247.51683000  55.42168000
248.83180000  56.40883000
250.16998000  57.39599000
251.53137000  58.38314000
277.20751000  59.51132000
254.52683000  60.49848000
231.66303000  61.34460000
208.61060000  62.04972000
161.05446000  62.47278000
137.38485000  62.75483000
162.10980000  63.17789000
114.14164000  63.31892000
114.35310000  63.45994000
114.56653000  63.60096000
163.39334000  64.02403000
164.03925000  64.44709000
164.69093000  64.87015000
165.34838000  65.29323000
141.69622000  65.57527000
166.44960000  65.99834000
118.48940000  66.13935000
118.71335000  66.28038000
118.93475000  66.42140000
119.15965000  66.56243000
119.38200000  66.70344000
 70.97749000  66.56243000
 70.75260000  66.42140000
 70.53120000  66.28038000
 70.30725000  66.13935000
 94.39908000  66.13935000
 94.39908000  66.13935000
118.71335000  66.28038000
118.93475000  66.42140000
 94.84443000  66.42140000
119.15965000  66.56243000
 70.75260000  66.42140000
 70.53120000  66.28038000
 70.30725000  66.13935000
 -2.84873000  65.57527000
 44.89225000  65.29323000
 68.76345000  65.15220000
117.16623000  65.29323000
141.69622000  65.57527000
190.76188000  66.13935000
143.02658000  66.42140000
167.78999000  66.84447000
168.46433000  67.26753000
169.14443000  67.69060000
145.50988000  67.97264000
170.28742000  68.39571000
170.98040000  68.81878000
171.67464000  69.24184000
123.72535000  69.38286000
 75.31184000  69.24184000
 99.40216000  69.24184000
 75.07946000  69.10082000
 99.16978000  69.10082000
123.49249000  69.24184000
123.72535000  69.38286000
123.96019000  69.52389000
124.19249000  69.66491000
124.42828000  69.80593000
100.33645000  69.80593000
100.33645000  69.80593000
 76.01034000  69.66491000
 27.12969000  69.24184000
 50.75571000  68.95980000
 25.97249000  68.53673000
 49.60325000  68.25469000
 24.82714000  67.83162000
 -0.17245000  67.26753000
 23.24354000  66.84447000
 71.19985000  66.70344000
143.92297000  66.98549000
168.69055000  67.40855000
120.73661000  67.54958000
120.96228000  67.69060000
 72.55446000  67.54958000
 96.64479000  67.54958000
 96.64479000  67.54958000
120.96228000  67.69060000
 96.87196000  67.69060000
 96.87196000  67.69060000
 72.55446000  67.54958000
-49.25478000  66.70344000
-220.76478000  64.87015000
-563.74845000  61.06257000
-423.40858000  58.10110000
-330.29265000  55.70372000
  6.42011000  55.28065000
 30.14295000  54.99862000
 78.32360000  54.99862000
102.59893000  55.13963000
175.61769000  55.70372000
224.92971000  56.54985000
298.93274000  57.81905000
324.99074000  59.22928000
351.29858000  60.78052000
232.07616000  61.62665000
184.72747000  62.19074000
136.96414000  62.47278000
113.08243000  62.61380000
137.59591000  62.89585000
113.71713000  63.03687000
138.23197000  63.31892000
162.96260000  63.74198000
212.22140000  64.44709000
140.38291000  64.72914000
189.43871000  65.29323000
214.63175000  65.99834000
118.48940000  66.13935000
118.71335000  66.28038000
118.93475000  66.42140000
216.42072000  67.12651000
168.91876000  67.54958000
120.96228000  67.69060000
 96.87196000  67.69060000
 72.55446000  67.54958000
 72.32625000  67.40855000
-25.16295000  66.70344000
-50.59083000  65.85731000
-27.59935000  65.15220000
 19.92828000  64.72914000
 43.58463000  64.44709000
 43.15254000  64.16505000
 67.02904000  64.02403000
 66.81268000  63.88300000
 17.99029000  63.45994000
-152.75479000  62.04972000
-130.52143000  60.78052000
-132.34002000  59.51132000
-85.54580000  58.52417000
 83.09098000  58.52417000
228.82416000  59.37029000
278.61866000  60.49848000
231.66303000  61.34460000
184.31054000  61.90869000
 15.05193000  61.48563000
 14.43437000  61.06257000
 13.81956000  60.63949000
110.38933000  60.78052000
159.18470000  61.20358000
208.40087000  61.90869000
185.14629000  62.47278000
161.68624000  62.89585000
162.32379000  63.31892000
 65.74550000  63.17789000
 -7.37220000  62.61380000
-32.50839000  61.90869000
-33.54240000  61.20358000
 38.31978000  60.92154000
 86.50193000  60.92154000
 62.20718000  60.78052000
 62.00171000  60.63949000
 86.09353000  60.63949000
110.38933000  60.78052000
159.18470000  61.20358000
208.40087000  61.90869000
112.24630000  62.04972000
-33.33805000  61.34460000
-131.53650000  60.07540000
-181.90860000  58.52417000
-111.19541000  57.39599000
-88.44176000  56.40883000
 80.19502000  56.40883000
153.03815000  56.83190000
250.75059000  57.81905000
324.99074000  59.22928000
254.12128000  60.21643000
182.66180000  60.78052000
110.59226000  60.92154000
135.09437000  61.20358000
208.40087000  61.90869000
185.14629000  62.47278000
185.98961000  63.03687000
186.83901000  63.60096000
163.39334000  64.02403000
188.34784000  64.58812000
262.15085000  65.57527000
190.76188000  66.13935000
167.34180000  66.56243000
143.69817000  66.84447000
 71.19985000  66.70344000
 95.29167000  66.70344000
 70.97749000  66.56243000
 95.06782000  66.56243000
 95.06782000  66.56243000
 70.75260000  66.42140000
 70.53120000  66.28038000
 94.62152000  66.28038000
 70.30725000  66.13935000
 70.08679000  65.99834000
118.48940000  66.13935000
118.71335000  66.28038000
143.24997000  66.56243000
168.01329000  66.98549000
193.00909000  67.54958000
120.96228000  67.69060000
 96.87196000  67.69060000
 96.87196000  67.69060000
 96.87196000  67.69060000
 96.87196000  67.69060000
121.19144000  67.83162000
121.41806000  67.97264000
 97.32773000  67.97264000
 73.00929000  67.83162000
218.69960000  68.53673000
171.21034000  68.95980000
147.58431000  69.24184000
 99.40216000  69.24184000
 99.40216000  69.24184000
 99.40216000  69.24184000
 99.40216000  69.24184000
 75.07946000  69.10082000
 74.84604000  68.95980000
-71.30905000  67.97264000
-24.26277000  67.26753000
 47.55867000  66.98549000
 22.79534000  66.56243000
-26.50051000  65.85731000
-27.59935000  65.15220000
 44.23630000  64.87015000
 43.80288000  64.58812000
 43.36835000  64.30607000
 42.93721000  64.02403000
 42.50797000  63.74198000
 42.08062000  63.45994000
 17.35283000  63.03687000
 41.02055000  62.75483000
 16.29836000  62.33176000
-81.51871000  61.34460000
-82.94975000  60.35745000
-108.64712000  59.22928000
-377.34493000  56.54985000
-283.77559000  54.43453000
-189.39578000  52.88328000
-336.89259000  50.48591000
-194.18471000  48.93467000
-98.95960000  47.94751000
-100.07559000  46.96036000
-125.41439000  45.83218000
-126.63106000  44.70400000
-200.52543000  43.15276000
-177.86267000  41.74253000
-130.78576000  40.61436000
-34.96496000  40.05027000
109.85155000  40.33232000
279.72702000  41.60152000
523.37731000  44.28093000
550.53921000  47.10138000
602.31733000  50.20386000
533.33349000  52.88328000
463.96432000  55.13963000
345.57607000  56.69088000
299.12723000  57.96008000
252.31974000  58.94723000
229.42618000  59.79337000
182.04984000  60.35745000
207.16297000  61.06257000
208.19312000  61.76767000
209.23661000  62.47278000
185.98961000  63.03687000
162.53525000  63.45994000
138.87227000  63.74198000
139.30152000  64.02403000
115.42502000  64.16505000
164.25751000  64.58812000
140.59911000  64.87015000
116.72846000  65.01118000
189.87837000  65.57527000
166.44960000  65.99834000
167.11691000  66.42140000
240.73831000  67.26753000
242.10279000  68.11367000
267.80656000  69.10082000
269.44322000  70.08798000
246.77272000  70.93410000
272.54432000  71.92126000
274.24731000  72.90841000
275.97502000  73.89557000
277.72295000  74.88273000
279.49558000  75.86988000
281.29143000  76.85704000
283.11050000  77.84419000
260.59785000  78.69033000
262.19108000  79.53645000
239.44272000  80.24156000
143.34974000  80.38259000
143.61853000  80.52361000
168.25235000  80.80565000
193.15923000  81.22872000
169.61564000  81.51076000
170.16428000  81.79281000
146.34899000  81.93383000
195.35756000  82.35690000
196.18974000  82.77996000
148.28744000  82.92099000
148.56476000  83.06200000
148.84555000  83.20303000
124.75373000  83.20303000
100.38261000  83.06200000
100.10529000  82.92099000
 75.45725000  82.63894000
 74.90293000  82.35690000
 74.35051000  82.07485000
 98.16684000  81.93383000
 97.89030000  81.79281000
 97.61725000  81.65179000
 48.61278000  81.22872000
 72.16127000  80.94668000
 71.61682000  80.66463000
 95.43637000  80.52361000
 95.16759000  80.38259000
119.25792000  80.38259000
 94.89627000  80.24156000
118.98809000  80.24156000
118.98809000  80.24156000
143.34974000  80.38259000
119.25792000  80.38259000
119.25792000  80.38259000
119.25792000  80.38259000
119.25792000  80.38259000
119.25792000  80.38259000
119.25792000  80.38259000
119.25792000  80.38259000
119.25792000  80.38259000
 94.89627000  80.24156000
 94.62843000  80.10054000
 45.64110000  79.67748000
 44.83867000  79.25441000
 68.39892000  78.97236000
116.58107000  78.97236000
116.58107000  78.97236000
140.93845000  79.11339000
189.91860000  79.53645000
190.72236000  79.95952000
167.17024000  80.24156000
167.71035000  80.52361000
168.25235000  80.80565000
144.43375000  80.94668000
120.34192000  80.94668000
 71.61682000  80.66463000
 71.07577000  80.38259000
 94.89627000  80.24156000
 45.90901000  79.81850000
 45.10668000  79.39543000
 68.66448000  79.11339000
189.91860000  79.53645000
190.72236000  79.95952000
215.89250000  80.52361000
216.97840000  81.08770000
193.70597000  81.51076000
170.16428000  81.79281000
121.98213000  81.79281000
121.98213000  81.79281000
121.98213000  81.79281000
121.98213000  81.79281000
121.98213000  81.79281000
 97.61725000  81.65179000
 97.34167000  81.51076000
 97.06956000  81.36974000
121.15989000  81.36974000
145.52382000  81.51076000
145.79940000  81.65179000
146.07245000  81.79281000
146.34899000  81.93383000
195.35756000  82.35690000
244.92906000  83.06200000
173.21564000  83.34405000
198.14810000  83.76711000
223.36941000  84.33120000
151.38050000  84.47223000
127.28867000  84.47223000
102.91328000  84.33120000
 78.25727000  84.04916000
 77.69347000  83.76711000
 77.13157000  83.48507000
100.94316000  83.34405000
100.66340000  83.20303000
100.38261000  83.06200000
 75.73512000  82.77996000
 99.54908000  82.63894000
 99.27017000  82.49791000
 98.99476000  82.35690000
123.08508000  82.35690000
 98.71831000  82.21588000
 98.44083000  82.07485000
 98.16684000  81.93383000
 97.89030000  81.79281000
 97.61725000  81.65179000
121.70758000  81.65179000
121.70758000  81.65179000
121.70758000  81.65179000
121.70758000  81.65179000
146.07245000  81.79281000
146.34899000  81.93383000
122.25716000  81.93383000
146.62298000  82.07485000
122.53266000  82.07485000
122.53266000  82.07485000
 98.16684000  81.93383000
 97.89030000  81.79281000
121.98213000  81.79281000
121.98213000  81.79281000
121.98213000  81.79281000
121.98213000  81.79281000
121.98213000  81.79281000
 97.61725000  81.65179000
121.70758000  81.65179000
146.07245000  81.79281000
146.34899000  81.93383000
122.25716000  81.93383000
146.62298000  82.07485000
146.90047000  82.21588000
122.80864000  82.21588000
122.80864000  82.21588000
 98.44083000  82.07485000
 98.16684000  81.93383000
 97.89030000  81.79281000
 73.25134000  81.51076000
 48.34162000  81.08770000
 23.16390000  80.52361000
 95.16759000  80.38259000
 21.81719000  79.81850000
 -3.60800000  79.11339000
 92.48924000  78.97236000
 67.87075000  78.69033000
 42.98644000  78.26725000
 42.20124000  77.84419000
 90.12060000  77.70316000
 89.86129000  77.56215000
 89.60095000  77.42113000
113.69128000  77.42113000
113.69128000  77.42113000
113.69128000  77.42113000
113.69128000  77.42113000
113.69128000  77.42113000
138.04194000  77.56215000
113.95161000  77.56215000
113.95161000  77.56215000
113.95161000  77.56215000
113.95161000  77.56215000
113.95161000  77.56215000
138.30275000  77.70316000
114.21242000  77.70316000
 89.86129000  77.56215000
 89.60095000  77.42113000
113.69128000  77.42113000
 89.33958000  77.28010000
 89.08169000  77.13908000
 88.82127000  76.99805000
 64.21452000  76.71601000
 88.04885000  76.57499000
112.13918000  76.57499000
 87.79032000  76.43396000
 87.53528000  76.29295000
111.62560000  76.29295000
111.62560000  76.29295000
 87.27921000  76.15193000
111.36954000  76.15193000
111.36954000  76.15193000
111.36954000  76.15193000
111.36954000  76.15193000
111.36954000  76.15193000
111.36954000  76.15193000
111.36954000  76.15193000
135.71593000  76.29295000
135.97247000  76.43396000
184.92863000  76.85704000
185.70388000  77.28010000
137.78310000  77.42113000
138.04194000  77.56215000
138.30275000  77.70316000
138.56554000  77.84419000
114.47372000  77.84419000
138.82580000  77.98521000
139.08954000  78.12624000
139.35074000  78.26725000
139.61543000  78.40828000
139.87759000  78.54930000
140.14322000  78.69033000
140.40632000  78.83134000
140.67139000  78.97236000
116.58107000  78.97236000
116.58107000  78.97236000
116.58107000  78.97236000
116.58107000  78.97236000
116.58107000  78.97236000
116.58107000  78.97236000
116.58107000  78.97236000
116.58107000  78.97236000
116.58107000  78.97236000
116.58107000  78.97236000
116.58107000  78.97236000
116.58107000  78.97236000
116.58107000  78.97236000
 92.22567000  78.83134000
116.31600000  78.83134000
116.31600000  78.83134000
 91.96107000  78.69033000
 67.34146000  78.40828000
 66.81556000  78.12624000
 66.29157000  77.84419000
 90.12060000  77.70316000
 89.86129000  77.56215000
 89.60095000  77.42113000
 40.63912000  76.99805000
 64.21452000  76.71601000
 63.70000000  76.43396000
 87.53528000  76.29295000
 38.58632000  75.86988000
 13.47872000  75.30579000
 85.49994000  75.16477000
 60.90402000  74.88273000
 60.40181000  74.60068000
 35.56023000  74.17761000
 59.15609000  73.89557000
 58.65902000  73.61353000
 82.50227000  73.47250000
 82.25717000  73.33148000
106.34750000  73.33148000
106.34750000  73.33148000
106.34750000  73.33148000
130.68442000  73.47250000
 82.25717000  73.33148000
106.34750000  73.33148000
 82.00954000  73.19046000
 33.09335000  72.76739000
 56.69569000  72.48535000
 31.87693000  72.06229000
  6.82050000  71.49819000
  5.86346000  70.93410000
-19.41249000  70.22900000
-20.58627000  69.52389000
-46.07100000  68.67775000
-23.12690000  67.97264000
 73.00929000  67.83162000
 72.78013000  67.69060000
 96.87196000  67.69060000
121.19144000  67.83162000
170.05788000  68.25469000
219.39249000  68.95980000
123.26161000  69.10082000
123.49249000  69.24184000
 99.40216000  69.24184000
 75.07946000  69.10082000
 99.16978000  69.10082000
 74.84604000  68.95980000
 25.97249000  68.53673000
 25.28386000  68.11367000
 24.59798000  67.69060000
 72.55446000  67.54958000
 72.32625000  67.40855000
 72.10153000  67.26753000
144.82694000  67.54958000
193.92064000  68.11367000
267.80656000  69.10082000
123.49249000  69.24184000
 75.07946000  69.10082000
 74.84604000  68.95980000
-119.94697000  67.69060000
-121.97450000  66.42140000
-123.96365000  65.15220000
 68.54631000  65.01118000
 92.63663000  65.01118000
116.94560000  65.15220000
263.03586000  66.13935000
313.23701000  67.40855000
388.26269000  69.10082000
269.44322000  70.08798000
319.76377000  71.35718000
321.94053000  72.62638000
275.47795000  73.61353000
228.53828000  74.31864000
181.10730000  74.74170000
254.89642000  75.58784000
207.73384000  76.15193000
135.71593000  76.29295000
184.66915000  76.71601000
185.44599000  77.13908000
210.57522000  77.70316000
187.27169000  78.12624000
114.99772000  78.12624000
 17.58731000  77.56215000
 -7.79998000  76.85704000
-106.46897000  75.58784000
-157.41584000  74.03659000
-452.10279000  70.79309000
-384.49228000  67.97264000
-316.03197000  65.57527000
 20.58130000  65.15220000
 44.23630000  64.87015000
 92.41845000  64.87015000
165.34838000  65.29323000
214.63175000  65.99834000
264.37760000  66.98549000
265.96451000  67.97264000
243.25288000  68.81878000
268.97323000  69.80593000
270.62648000  70.79309000
223.63943000  71.49819000
200.51371000  72.06229000
250.15548000  72.90841000
227.29730000  73.61353000
179.85771000  74.03659000
 10.22979000  73.47250000
-15.08880000  72.76739000
-16.30522000  72.06229000
 79.81571000  71.92126000
103.90754000  71.92126000
128.24123000  72.06229000
177.15031000  72.48535000
177.88301000  72.90841000
178.62147000  73.33148000
155.02333000  73.61353000
179.85771000  74.03659000
180.60604000  74.45966000
 83.99333000  74.31864000
 83.74238000  74.17761000
 34.81624000  73.75455000
107.08872000  73.75455000
131.42857000  73.89557000
131.67556000  74.03659000
156.26580000  74.31864000
108.08365000  74.31864000
 35.06427000  73.89557000
 34.32012000  73.47250000
  9.24623000  72.90841000
-40.39555000  72.06229000
-41.84112000  71.21615000
  5.38779000  70.65206000
 28.76966000  70.22900000
 76.71612000  70.08798000
 76.47938000  69.94695000
 76.24613000  69.80593000
100.33645000  69.80593000
148.98859000  70.08798000
173.78745000  70.51104000
150.17185000  70.79309000
199.30914000  71.35718000
224.60404000  72.06229000
225.82046000  72.76739000
178.37384000  73.19046000
130.43932000  73.33148000
130.68442000  73.47250000
179.61072000  73.89557000
229.03859000  74.60068000
205.95457000  75.16477000
206.96694000  75.72886000
232.33678000  76.43396000
184.92863000  76.85704000
185.70388000  77.28010000
162.13376000  77.56215000
235.71505000  78.26725000
212.68030000  78.83134000
165.02878000  79.11339000
165.56131000  79.39543000
141.73645000  79.53645000
142.00540000  79.67748000
166.63053000  79.95952000
167.17024000  80.24156000
143.34974000  80.38259000
192.34268000  80.80565000
217.52419000  81.36974000
242.98729000  82.07485000
268.74207000  82.92099000
197.30597000  83.34405000
149.40405000  83.48507000
100.94316000  83.34405000
 51.92314000  82.92099000
 51.08802000  82.49791000
 25.89436000  81.93383000
 24.79559000  81.36974000
 23.70590000  80.80565000
 71.34605000  80.52361000
 46.44628000  80.10054000
 45.64110000  79.67748000
 44.83867000  79.25441000
-53.37636000  78.26725000
-103.90584000  76.99805000
 -8.82902000  76.29295000
 14.23984000  75.72886000
-11.11666000  75.02375000
 36.31148000  74.60068000
 11.22094000  74.03659000
-14.10713000  73.33148000
-64.00222000  72.34433000
-90.02327000  71.21615000
-140.57280000  69.80593000
-142.89581000  68.39571000
-120.85284000  67.12651000
-98.54999000  65.99834000
-197.54091000  64.30607000
-248.70272000  62.33176000
-324.46520000  59.93438000
-716.30916000  55.28065000
-722.17846000  50.62693000
-727.53482000  45.97319000
-732.37224000  41.31947000
-542.96750000  37.79392000
-497.58039000  34.55041000
-669.48623000  30.31975000
-430.51946000  27.49931000
-456.44545000  24.53785000
-506.39994000  21.29433000
-604.52132000  17.48674000
-605.94952000  13.67914000
-607.16475000   9.87155000
-439.89186000   7.05110000
-371.20033000   4.65373000
-282.91660000   2.82044000
-300.35273000   0.98715000
-168.63678000   0.00000000
  0.00000000   0.00000000
  0.00000000   0.00000000
