  0.00000000   0.00000000
  0.00000000   0.00000000
  0.00000000   0.00000000
  0.00000000   0.00000000
  0.00000000   0.00000000
  0.00000000   0.00000000
  0.00000000   0.00000000
  0.00000000   0.00000000
  0.00000000   0.00000000
  0.00000000   0.00000000
  0.00000000   0.00000000
  0.00000000   0.00000000
602.13000000   3.32980000
595.39000000   6.57200000
612.14000000   9.90190000
598.20000000  13.14400000
 44.33000000  13.14400000
 44.33000000  13.14400000
 44.33000000  13.14400000
 44.33000000  13.14400000
 44.33000000  13.14400000
 44.33000000  13.14400000
 44.33000000  13.14400000
 44.33000000  13.14400000
-405.58000000  10.51500000
-406.62000000   7.88640000
-409.37000000   5.25760000
-420.15000000   2.62880000
-449.08000000   0.00000000
  0.00000000   0.00000000
  0.00000000   0.00000000
  0.00000000   0.00000000
  0.00000000   0.00000000
  0.00000000   0.00000000
  0.00000000   0.00000000
  0.00000000   0.00000000
  0.00000000   0.00000000
  0.00000000   0.00000000
  0.00000000   0.00000000
  0.00000000   0.00000000
  0.00000000   0.00000000
  0.00000000   0.00000000
  0.00000000   0.00000000
  0.00000000   0.00000000
  0.00000000   0.00000000
  0.00000000   0.00000000
  0.00000000   0.00000000
  0.00000000   0.00000000
  0.00000000   0.00000000
  0.00000000   0.00000000
431.10000000   2.36590000
427.53000000   4.64420000
446.07000000   7.01020000
447.29000000   9.37610000
433.06000000  11.65400000
448.80000000  14.02000000
449.66000000  16.38600000
435.65000000  18.66500000
451.74000000  21.03000000
452.99000000  23.39600000
439.35000000  25.67500000
455.83000000  28.04100000
 51.65900000  28.04100000
 51.65900000  28.04100000
 51.65900000  28.04100000
 51.65900000  28.04100000
 51.65900000  28.04100000
 51.65900000  28.04100000
 51.65900000  28.04100000
 51.65900000  28.04100000
 51.65900000  28.04100000
 51.65900000  28.04100000
 51.65900000  28.04100000
 51.65900000  28.04100000
 51.65900000  28.04100000
 51.65900000  28.04100000
 51.65900000  28.04100000
 51.65900000  28.04100000
 51.65900000  28.04100000
 51.65900000  28.04100000
 51.65900000  28.04100000
 51.65900000  28.04100000
 51.65900000  28.04100000
 51.65900000  28.04100000
 51.65900000  28.04100000
 51.65900000  28.04100000
-384.08000000  25.49900000
-385.54000000  22.95800000
-386.86000000  20.41700000
-388.02000000  17.87600000
-389.03000000  15.33500000
-404.89000000  12.70600000
-390.72000000  10.16500000
-391.80000000   7.62350000
-394.76000000   5.08240000
-405.82000000   2.54120000
-434.11000000   0.00000000
  0.00000000   0.00000000
  0.00000000   0.00000000
  0.00000000   0.00000000
  0.00000000   0.00000000
  0.00000000   0.00000000
  0.00000000   0.00000000
  0.00000000   0.00000000
  0.00000000   0.00000000
  0.00000000   0.00000000
  0.00000000   0.00000000
  0.00000000   0.00000000
  0.00000000   0.00000000
  0.00000000   0.00000000
  0.00000000   0.00000000
  0.00000000   0.00000000
  0.00000000   0.00000000
  0.00000000   0.00000000
  0.00000000   0.00000000
  0.00000000   0.00000000
  0.00000000   0.00000000
  0.00000000   0.00000000
304.91000000   1.66490000
317.71000000   3.32980000
338.75000000   5.08240000
326.10000000   6.74730000
327.15000000   8.41220000
327.78000000  10.07700000
343.30000000  11.83000000
328.87000000  13.49500000
329.44000000  15.15900000
330.08000000  16.82400000
345.79000000  18.57700000
376.63000000  20.50500000
287.52000000  21.90700000
333.33000000  23.57200000
334.30000000  25.23700000
350.36000000  26.98900000
336.49000000  28.65400000
337.66000000  30.31900000
338.90000000  31.98400000
355.24000000  33.73600000
341.64000000  35.40100000
343.08000000  37.06600000
344.58000000  38.73100000
361.20000000  40.48400000
347.87000000  42.14900000
349.58000000  43.81400000
 65.15900000  43.81400000
 65.15900000  43.81400000
 65.15900000  43.81400000
 65.15900000  43.81400000
 65.15900000  43.81400000
 65.15900000  43.81400000
 65.15900000  43.81400000
 65.15900000  43.81400000
 65.15900000  43.81400000
 65.15900000  43.81400000
 65.15900000  43.81400000
 65.15900000  43.81400000
-220.97000000  42.14900000
-222.60000000  40.48400000
-209.13000000  38.90600000
-225.61000000  37.24200000
-227.05000000  35.57700000
-213.39000000  33.99900000
-229.67000000  32.33400000
-230.92000000  30.66900000
 53.49700000  30.66900000
 53.49700000  30.66900000
 53.49700000  30.66900000
 53.49700000  30.66900000
 53.49700000  30.66900000
 53.49700000  30.66900000
 53.49700000  30.66900000
 53.49700000  30.66900000
 53.49700000  30.66900000
 53.49700000  30.66900000
 53.49700000  30.66900000
 53.49700000  30.66900000
 53.49700000  30.66900000
-382.40000000  28.12800000
-384.02000000  25.58700000
-400.51000000  22.95800000
-386.86000000  20.41700000
-388.02000000  17.87600000
-389.03000000  15.33500000
-389.90000000  12.79400000
-390.70000000  10.25200000
-406.77000000   7.62350000
-394.76000000   5.08240000
-405.82000000   2.54120000
-434.11000000   0.00000000
  0.00000000   0.00000000
  0.00000000   0.00000000
  0.00000000   0.00000000
  0.00000000   0.00000000
  0.00000000   0.00000000
  0.00000000   0.00000000
  0.00000000   0.00000000
  0.00000000   0.00000000
  0.00000000   0.00000000
  0.00000000   0.00000000
  0.00000000   0.00000000
  0.00000000   0.00000000
  0.00000000   0.00000000
  0.00000000   0.00000000
  0.00000000   0.00000000
  0.00000000   0.00000000
  0.00000000   0.00000000
  0.00000000   0.00000000
602.13000000   3.32980000
595.39000000   6.57200000
612.14000000   9.90190000
598.20000000  13.14400000
 44.33000000  13.14400000
 44.33000000  13.14400000
 44.33000000  13.14400000
 44.33000000  13.14400000
 44.33000000  13.14400000
 44.33000000  13.14400000
 44.33000000  13.14400000
 44.33000000  13.14400000
-405.58000000  10.51500000
-406.62000000   7.88640000
-409.37000000   5.25760000
-420.15000000   2.62880000
-449.08000000   0.00000000
  0.00000000   0.00000000
  0.00000000   0.00000000
  0.00000000   0.00000000
  0.00000000   0.00000000
  0.00000000   0.00000000
  0.00000000   0.00000000
  0.00000000   0.00000000
  0.00000000   0.00000000
  0.00000000   0.00000000
  0.00000000   0.00000000
  0.00000000   0.00000000
  0.00000000   0.00000000
  0.00000000   0.00000000
  0.00000000   0.00000000
  0.00000000   0.00000000
  0.00000000   0.00000000
  0.00000000   0.00000000
  0.00000000   0.00000000
  0.00000000   0.00000000
  0.00000000   0.00000000
  0.00000000   0.00000000
431.10000000   2.36590000
427.53000000   4.64420000
446.07000000   7.01020000
447.29000000   9.37610000
433.06000000  11.65400000
448.80000000  14.02000000
449.66000000  16.38600000
435.65000000  18.66500000
451.74000000  21.03000000
452.99000000  23.39600000
439.35000000  25.67500000
455.83000000  28.04100000
 51.65900000  28.04100000
 51.65900000  28.04100000
 51.65900000  28.04100000
 51.65900000  28.04100000
 51.65900000  28.04100000
 51.65900000  28.04100000
 51.65900000  28.04100000
 51.65900000  28.04100000
 51.65900000  28.04100000
 51.65900000  28.04100000
 51.65900000  28.04100000
 51.65900000  28.04100000
 51.65900000  28.04100000
 51.65900000  28.04100000
 51.65900000  28.04100000
 51.65900000  28.04100000
 51.65900000  28.04100000
 51.65900000  28.04100000
 51.65900000  28.04100000
 51.65900000  28.04100000
 51.65900000  28.04100000
 51.65900000  28.04100000
 51.65900000  28.04100000
 51.65900000  28.04100000
-384.08000000  25.49900000
-385.54000000  22.95800000
-386.86000000  20.41700000
-388.02000000  17.87600000
-389.03000000  15.33500000
-404.89000000  12.70600000
-390.72000000  10.16500000
-391.80000000   7.62350000
-394.76000000   5.08240000
-405.82000000   2.54120000
-434.11000000   0.00000000
  0.00000000   0.00000000
  0.00000000   0.00000000
  0.00000000   0.00000000
  0.00000000   0.00000000
  0.00000000   0.00000000
  0.00000000   0.00000000
  0.00000000   0.00000000
  0.00000000   0.00000000
  0.00000000   0.00000000
  0.00000000   0.00000000
  0.00000000   0.00000000
  0.00000000   0.00000000
  0.00000000   0.00000000
  0.00000000   0.00000000
  0.00000000   0.00000000
  0.00000000   0.00000000
  0.00000000   0.00000000
  0.00000000   0.00000000
  0.00000000   0.00000000
  0.00000000   0.00000000
  0.00000000   0.00000000
304.91000000   1.66490000
317.71000000   3.32980000
338.75000000   5.08240000
326.10000000   6.74730000
327.15000000   8.41220000
327.78000000  10.07700000
343.30000000  11.83000000
328.87000000  13.49500000
329.44000000  15.15900000
330.08000000  16.82400000
345.79000000  18.57700000
376.63000000  20.50500000
287.52000000  21.90700000
333.33000000  23.57200000
334.30000000  25.23700000
350.36000000  26.98900000
336.49000000  28.65400000
337.66000000  30.31900000
338.90000000  31.98400000
355.24000000  33.73600000
341.64000000  35.40100000
343.08000000  37.06600000
344.58000000  38.73100000
361.20000000  40.48400000
347.87000000  42.14900000
349.58000000  43.81400000
 65.15900000  43.81400000
 65.15900000  43.81400000
 65.15900000  43.81400000
 65.15900000  43.81400000
 65.15900000  43.81400000
 65.15900000  43.81400000
 65.15900000  43.81400000
 65.15900000  43.81400000
 65.15900000  43.81400000
 65.15900000  43.81400000
 65.15900000  43.81400000
 65.15900000  43.81400000
-220.97000000  42.14900000
-222.60000000  40.48400000
-209.13000000  38.90600000
-225.61000000  37.24200000
-227.05000000  35.57700000
-213.39000000  33.99900000
-229.67000000  32.33400000
-230.92000000  30.66900000
 53.49700000  30.66900000
 53.49700000  30.66900000
 53.49700000  30.66900000
 53.49700000  30.66900000
 53.49700000  30.66900000
 53.49700000  30.66900000
 53.49700000  30.66900000
 53.49700000  30.66900000
 53.49700000  30.66900000
 53.49700000  30.66900000
 53.49700000  30.66900000
 53.49700000  30.66900000
 53.49700000  30.66900000
-382.40000000  28.12800000
-384.02000000  25.58700000
-400.51000000  22.95800000
-386.86000000  20.41700000
-388.02000000  17.87600000
-389.03000000  15.33500000
-389.90000000  12.79400000
-390.70000000  10.25200000
-406.77000000   7.62350000
-394.76000000   5.08240000
-405.82000000   2.54120000
-434.11000000   0.00000000
  0.00000000   0.00000000
  0.00000000   0.00000000
  0.00000000   0.00000000
  0.00000000   0.00000000
  0.00000000   0.00000000
  0.00000000   0.00000000
  0.00000000   0.00000000
  0.00000000   0.00000000
  0.00000000   0.00000000
  0.00000000   0.00000000
  0.00000000   0.00000000
  0.00000000   0.00000000
  0.00000000   0.00000000
  0.00000000   0.00000000
  0.00000000   0.00000000
  0.00000000   0.00000000
  0.00000000   0.00000000
  0.00000000   0.00000000
  0.00000000   0.00000000
602.13000000   3.32980000
595.39000000   6.57200000
612.14000000   9.90190000
598.20000000  13.14400000
 44.33000000  13.14400000
 44.33000000  13.14400000
 44.33000000  13.14400000
 44.33000000  13.14400000
 44.33000000  13.14400000
 44.33000000  13.14400000
 44.33000000  13.14400000
 44.33000000  13.14400000
-405.58000000  10.51500000
-406.62000000   7.88640000
-409.37000000   5.25760000
-420.15000000   2.62880000
-449.08000000   0.00000000
  0.00000000   0.00000000
  0.00000000   0.00000000
  0.00000000   0.00000000
  0.00000000   0.00000000
  0.00000000   0.00000000
  0.00000000   0.00000000
  0.00000000   0.00000000
  0.00000000   0.00000000
  0.00000000   0.00000000
  0.00000000   0.00000000
  0.00000000   0.00000000
  0.00000000   0.00000000
  0.00000000   0.00000000
  0.00000000   0.00000000
  0.00000000   0.00000000
  0.00000000   0.00000000
  0.00000000   0.00000000
  0.00000000   0.00000000
  0.00000000   0.00000000
  0.00000000   0.00000000
  0.00000000   0.00000000
431.10000000   2.36590000
427.53000000   4.64420000
446.07000000   7.01020000
447.29000000   9.37610000
433.06000000  11.65400000
448.80000000  14.02000000
449.66000000  16.38600000
435.65000000  18.66500000
451.74000000  21.03000000
452.99000000  23.39600000
439.35000000  25.67500000
455.83000000  28.04100000
 51.65900000  28.04100000
 51.65900000  28.04100000
 51.65900000  28.04100000
 51.65900000  28.04100000
 51.65900000  28.04100000
 51.65900000  28.04100000
 51.65900000  28.04100000
 51.65900000  28.04100000
 51.65900000  28.04100000
 51.65900000  28.04100000
 51.65900000  28.04100000
 51.65900000  28.04100000
 51.65900000  28.04100000
 51.65900000  28.04100000
 51.65900000  28.04100000
 51.65900000  28.04100000
 51.65900000  28.04100000
 51.65900000  28.04100000
 51.65900000  28.04100000
 51.65900000  28.04100000
 51.65900000  28.04100000
 51.65900000  28.04100000
 51.65900000  28.04100000
 51.65900000  28.04100000
-384.08000000  25.49900000
-385.54000000  22.95800000
-386.86000000  20.41700000
-388.02000000  17.87600000
-389.03000000  15.33500000
-404.89000000  12.70600000
-390.72000000  10.16500000
-391.80000000   7.62350000
-394.76000000   5.08240000
-405.82000000   2.54120000
-434.11000000   0.00000000
  0.00000000   0.00000000
  0.00000000   0.00000000
  0.00000000   0.00000000
  0.00000000   0.00000000
  0.00000000   0.00000000
  0.00000000   0.00000000
  0.00000000   0.00000000
  0.00000000   0.00000000
  0.00000000   0.00000000
  0.00000000   0.00000000
  0.00000000   0.00000000
  0.00000000   0.00000000
  0.00000000   0.00000000
  0.00000000   0.00000000
  0.00000000   0.00000000
  0.00000000   0.00000000
  0.00000000   0.00000000
  0.00000000   0.00000000
  0.00000000   0.00000000
  0.00000000   0.00000000
  0.00000000   0.00000000
304.91000000   1.66490000
317.71000000   3.32980000
338.75000000   5.08240000
326.10000000   6.74730000
327.15000000   8.41220000
327.78000000  10.07700000
343.30000000  11.83000000
328.87000000  13.49500000
329.44000000  15.15900000
330.08000000  16.82400000
345.79000000  18.57700000
376.63000000  20.50500000
287.52000000  21.90700000
333.33000000  23.57200000
334.30000000  25.23700000
350.36000000  26.98900000
336.49000000  28.65400000
337.66000000  30.31900000
338.90000000  31.98400000
355.24000000  33.73600000
341.64000000  35.40100000
343.08000000  37.06600000
344.58000000  38.73100000
361.20000000  40.48400000
347.87000000  42.14900000
349.58000000  43.81400000
 65.15900000  43.81400000
 65.15900000  43.81400000
 65.15900000  43.81400000
 65.15900000  43.81400000
 65.15900000  43.81400000
 65.15900000  43.81400000
 65.15900000  43.81400000
 65.15900000  43.81400000
 65.15900000  43.81400000
 65.15900000  43.81400000
 65.15900000  43.81400000
 65.15900000  43.81400000
-220.97000000  42.14900000
-222.60000000  40.48400000
-209.13000000  38.90600000
-225.61000000  37.24200000
-227.05000000  35.57700000
-213.39000000  33.99900000
-229.67000000  32.33400000
-230.92000000  30.66900000
 53.49700000  30.66900000
 53.49700000  30.66900000
 53.49700000  30.66900000
 53.49700000  30.66900000
 53.49700000  30.66900000
 53.49700000  30.66900000
 53.49700000  30.66900000
 53.49700000  30.66900000
 53.49700000  30.66900000
 53.49700000  30.66900000
 53.49700000  30.66900000
 53.49700000  30.66900000
 53.49700000  30.66900000
-382.40000000  28.12800000
-384.02000000  25.58700000
-400.51000000  22.95800000
-386.86000000  20.41700000
-388.02000000  17.87600000
-389.03000000  15.33500000
-389.90000000  12.79400000
-390.70000000  10.25200000
-406.77000000   7.62350000
-394.76000000   5.08240000
-405.82000000   2.54120000
-434.11000000   0.00000000
  0.00000000   0.00000000
  0.00000000   0.00000000
  0.00000000   0.00000000
  0.00000000   0.00000000
  0.00000000   0.00000000
  0.00000000   0.00000000
  0.00000000   0.00000000
  0.00000000   0.00000000
  0.00000000   0.00000000
  0.00000000   0.00000000
  0.00000000   0.00000000
  0.00000000   0.00000000
  0.00000000   0.00000000
  0.00000000   0.00000000
  0.00000000   0.00000000
  0.00000000   0.00000000
  0.00000000   0.00000000
  0.00000000   0.00000000
  0.00000000   0.00000000
602.13000000   3.32980000
595.39000000   6.57200000
612.14000000   9.90190000
598.20000000  13.14400000
 44.33000000  13.14400000
 44.33000000  13.14400000
 44.33000000  13.14400000
 44.33000000  13.14400000
 44.33000000  13.14400000
 44.33000000  13.14400000
 44.33000000  13.14400000
 44.33000000  13.14400000
-405.58000000  10.51500000
-406.62000000   7.88640000
-409.37000000   5.25760000
-420.15000000   2.62880000
-449.08000000   0.00000000
  0.00000000   0.00000000
  0.00000000   0.00000000
  0.00000000   0.00000000
  0.00000000   0.00000000
  0.00000000   0.00000000
  0.00000000   0.00000000
  0.00000000   0.00000000
  0.00000000   0.00000000
  0.00000000   0.00000000
  0.00000000   0.00000000
  0.00000000   0.00000000
  0.00000000   0.00000000
  0.00000000   0.00000000
  0.00000000   0.00000000
  0.00000000   0.00000000
  0.00000000   0.00000000
  0.00000000   0.00000000
  0.00000000   0.00000000
  0.00000000   0.00000000
  0.00000000   0.00000000
  0.00000000   0.00000000
431.10000000   2.36590000
427.53000000   4.64420000
446.07000000   7.01020000
447.29000000   9.37610000
433.06000000  11.65400000
448.80000000  14.02000000
449.66000000  16.38600000
435.65000000  18.66500000
451.74000000  21.03000000
452.99000000  23.39600000
439.35000000  25.67500000
455.83000000  28.04100000
 51.65900000  28.04100000
 51.65900000  28.04100000
 51.65900000  28.04100000
 51.65900000  28.04100000
 51.65900000  28.04100000
 51.65900000  28.04100000
 51.65900000  28.04100000
 51.65900000  28.04100000
 51.65900000  28.04100000
 51.65900000  28.04100000
 51.65900000  28.04100000
 51.65900000  28.04100000
 51.65900000  28.04100000
 51.65900000  28.04100000
 51.65900000  28.04100000
 51.65900000  28.04100000
 51.65900000  28.04100000
 51.65900000  28.04100000
 51.65900000  28.04100000
 51.65900000  28.04100000
 51.65900000  28.04100000
 51.65900000  28.04100000
 51.65900000  28.04100000
 51.65900000  28.04100000
-384.08000000  25.49900000
-385.54000000  22.95800000
-386.86000000  20.41700000
-388.02000000  17.87600000
-389.03000000  15.33500000
-404.89000000  12.70600000
-390.72000000  10.16500000
-391.80000000   7.62350000
-394.76000000   5.08240000
-405.82000000   2.54120000
-434.11000000   0.00000000
  0.00000000   0.00000000
  0.00000000   0.00000000
  0.00000000   0.00000000
  0.00000000   0.00000000
  0.00000000   0.00000000
  0.00000000   0.00000000
  0.00000000   0.00000000
  0.00000000   0.00000000
  0.00000000   0.00000000
  0.00000000   0.00000000
  0.00000000   0.00000000
  0.00000000   0.00000000
  0.00000000   0.00000000
  0.00000000   0.00000000
  0.00000000   0.00000000
  0.00000000   0.00000000
  0.00000000   0.00000000
  0.00000000   0.00000000
  0.00000000   0.00000000
  0.00000000   0.00000000
  0.00000000   0.00000000
304.91000000   1.66490000
317.71000000   3.32980000
338.75000000   5.08240000
326.10000000   6.74730000
327.15000000   8.41220000
327.78000000  10.07700000
343.30000000  11.83000000
328.87000000  13.49500000
329.44000000  15.15900000
330.08000000  16.82400000
345.79000000  18.57700000
376.63000000  20.50500000
287.52000000  21.90700000
333.33000000  23.57200000
334.30000000  25.23700000
350.36000000  26.98900000
336.49000000  28.65400000
337.66000000  30.31900000
338.90000000  31.98400000
355.24000000  33.73600000
341.64000000  35.40100000
343.08000000  37.06600000
344.58000000  38.73100000
361.20000000  40.48400000
347.87000000  42.14900000
349.58000000  43.81400000
 65.15900000  43.81400000
 65.15900000  43.81400000
 65.15900000  43.81400000
 65.15900000  43.81400000
 65.15900000  43.81400000
 65.15900000  43.81400000
 65.15900000  43.81400000
 65.15900000  43.81400000
 65.15900000  43.81400000
 65.15900000  43.81400000
 65.15900000  43.81400000
 65.15900000  43.81400000
-220.97000000  42.14900000
-222.60000000  40.48400000
-209.13000000  38.90600000
-225.61000000  37.24200000
-227.05000000  35.57700000
-213.39000000  33.99900000
-229.67000000  32.33400000
-230.92000000  30.66900000
 53.49700000  30.66900000
 53.49700000  30.66900000
 53.49700000  30.66900000
 53.49700000  30.66900000
 53.49700000  30.66900000
 53.49700000  30.66900000
 53.49700000  30.66900000
 53.49700000  30.66900000
 53.49700000  30.66900000
 53.49700000  30.66900000
 53.49700000  30.66900000
 53.49700000  30.66900000
 53.49700000  30.66900000
-382.40000000  28.12800000
-384.02000000  25.58700000
-400.51000000  22.95800000
-386.86000000  20.41700000
-388.02000000  17.87600000
-389.03000000  15.33500000
-389.90000000  12.79400000
-390.70000000  10.25200000
-406.77000000   7.62350000
-394.76000000   5.08240000
-405.82000000   2.54120000
-434.11000000   0.00000000
  0.00000000   0.00000000
  0.00000000   0.00000000
  0.00000000   0.00000000
  0.00000000   0.00000000
  0.00000000   0.00000000
  0.00000000   0.00000000
  0.00000000   0.00000000
  0.00000000   0.00000000
  0.00000000   0.00000000
  0.00000000   0.00000000
  0.00000000   0.00000000
  0.00000000   0.00000000
  0.00000000   0.00000000
  0.00000000   0.00000000
  0.00000000   0.00000000
  0.00000000   0.00000000
  0.00000000   0.00000000
  0.00000000   0.00000000
  0.00000000   0.00000000
  0.00000000   0.00000000
  0.00000000   0.00000000
  0.00000000   0.00000000
  0.00000000   0.00000000
  0.00000000   0.00000000
  0.00000000   0.00000000
  0.00000000   0.00000000
  0.00000000   0.00000000
  0.00000000   0.00000000
478.02000000   2.62880000
488.79000000   5.25760000
491.55000000   7.88640000
492.59000000  10.51500000
493.41000000  13.14400000
 44.33000000  13.14400000
 44.33000000  13.14400000
374.32000000  15.07200000
375.06000000  17.00000000
390.90000000  19.01500000
376.84000000  20.94300000
377.85000000  22.87100000
378.95000000  24.79800000
395.15000000  26.81400000
381.46000000  28.74200000
382.82000000  30.66900000
 53.49700000  30.66900000
 53.49700000  30.66900000
339.17000000  32.33400000
340.48000000  33.99900000
326.82000000  35.57700000
343.23000000  37.24200000
344.74000000  38.90600000
346.32000000  40.57100000
332.90000000  42.14900000
349.58000000  43.81400000
 65.15900000  43.81400000
 65.15900000  43.81400000
291.09000000  45.12800000
307.59000000  46.53000000
294.10000000  47.84400000
310.69000000  49.24600000
297.29000000  50.56100000
298.89000000  51.87500000
315.61000000  53.27700000
302.33000000  54.59200000
304.06000000  55.90600000
320.92000000  57.30800000
307.77000000  58.62300000
324.72000000  60.02500000
311.65000000  61.33900000
 87.11000000  61.33900000
 87.11000000  61.33900000
 87.11000000  61.33900000
 87.11000000  61.33900000
 87.11000000  61.33900000
 87.11000000  61.33900000
 87.11000000  61.33900000
 87.11000000  61.33900000
 87.11000000  61.33900000
 87.11000000  61.33900000
 87.11000000  61.33900000
 87.11000000  61.33900000
 87.11000000  61.33900000
 87.11000000  61.33900000
 87.11000000  61.33900000
 87.11000000  61.33900000
 87.11000000  61.33900000
 87.11000000  61.33900000
 87.11000000  61.33900000
 87.11000000  61.33900000
 87.11000000  61.33900000
 87.11000000  61.33900000
 87.11000000  61.33900000
 87.11000000  61.33900000
 87.11000000  61.33900000
 87.11000000  61.33900000
 87.11000000  61.33900000
 87.11000000  61.33900000
 87.11000000  61.33900000
 87.11000000  61.33900000
 87.11000000  61.33900000
 87.11000000  61.33900000
 87.11000000  61.33900000
 87.11000000  61.33900000
 87.11000000  61.33900000
 87.11000000  61.33900000
 87.11000000  61.33900000
 87.11000000  61.33900000
 87.11000000  61.33900000
 87.11000000  61.33900000
 87.11000000  61.33900000
 87.11000000  61.33900000
 87.11000000  61.33900000
 87.11000000  61.33900000
 87.11000000  61.33900000
 87.11000000  61.33900000
 87.11000000  61.33900000
 87.11000000  61.33900000
 87.11000000  61.33900000
 87.11000000  61.33900000
-290.27000000  59.14800000
-293.30000000  56.95800000
-296.22000000  54.76700000
-299.02000000  52.57600000
-301.70000000  50.38600000
-304.28000000  48.19500000
-306.73000000  46.00400000
-309.08000000  43.81400000
 65.15900000  43.81400000
 65.15900000  43.81400000
 65.15900000  43.81400000
 65.15900000  43.81400000
 65.15900000  43.81400000
 65.15900000  43.81400000
 65.15900000  43.81400000
 65.15900000  43.81400000
 65.15900000  43.81400000
 65.15900000  43.81400000
 65.15900000  43.81400000
 65.15900000  43.81400000
 65.15900000  43.81400000
 65.15900000  43.81400000
 65.15900000  43.81400000
 65.15900000  43.81400000
 65.15900000  43.81400000
 65.15900000  43.81400000
 65.15900000  43.81400000
 65.15900000  43.81400000
 65.15900000  43.81400000
 65.15900000  43.81400000
 65.15900000  43.81400000
 65.15900000  43.81400000
 65.15900000  43.81400000
 65.15900000  43.81400000
 65.15900000  43.81400000
 65.15900000  43.81400000
 65.15900000  43.81400000
 65.15900000  43.81400000
 65.15900000  43.81400000
 65.15900000  43.81400000
 65.15900000  43.81400000
 65.15900000  43.81400000
 65.15900000  43.81400000
 65.15900000  43.81400000
 65.15900000  43.81400000
 65.15900000  43.81400000
 65.15900000  43.81400000
 65.15900000  43.81400000
 65.15900000  43.81400000
 65.15900000  43.81400000
 65.15900000  43.81400000
 65.15900000  43.81400000
 65.15900000  43.81400000
 65.15900000  43.81400000
 65.15900000  43.81400000
 65.15900000  43.81400000
 65.15900000  43.81400000
 65.15900000  43.81400000
 65.15900000  43.81400000
 65.15900000  43.81400000
 65.15900000  43.81400000
 65.15900000  43.81400000
 65.15900000  43.81400000
 65.15900000  43.81400000
 65.15900000  43.81400000
 65.15900000  43.81400000
 65.15900000  43.81400000
 65.15900000  43.81400000
 65.15900000  43.81400000
 65.15900000  43.81400000
 65.15900000  43.81400000
 65.15900000  43.81400000
 65.15900000  43.81400000
 65.15900000  43.81400000
 65.15900000  43.81400000
 65.15900000  43.81400000
 65.15900000  43.81400000
291.09000000  45.12800000
307.59000000  46.53000000
294.10000000  47.84400000
310.69000000  49.24600000
297.29000000  50.56100000
298.89000000  51.87500000
315.61000000  53.27700000
302.33000000  54.59200000
304.06000000  55.90600000
320.92000000  57.30800000
307.77000000  58.62300000
324.72000000  60.02500000
311.65000000  61.33900000
 87.11000000  61.33900000
 87.11000000  61.33900000
 87.11000000  61.33900000
 87.11000000  61.33900000
 87.11000000  61.33900000
 87.11000000  61.33900000
 87.11000000  61.33900000
 87.11000000  61.33900000
 87.11000000  61.33900000
 87.11000000  61.33900000
 87.11000000  61.33900000
 87.11000000  61.33900000
 87.11000000  61.33900000
 87.11000000  61.33900000
 87.11000000  61.33900000
 87.11000000  61.33900000
 87.11000000  61.33900000
 87.11000000  61.33900000
 87.11000000  61.33900000
 87.11000000  61.33900000
 87.11000000  61.33900000
 87.11000000  61.33900000
 87.11000000  61.33900000
 87.11000000  61.33900000
 87.11000000  61.33900000
 87.11000000  61.33900000
 87.11000000  61.33900000
 87.11000000  61.33900000
 87.11000000  61.33900000
 87.11000000  61.33900000
 87.11000000  61.33900000
 87.11000000  61.33900000
 87.11000000  61.33900000
 87.11000000  61.33900000
 87.11000000  61.33900000
 87.11000000  61.33900000
 87.11000000  61.33900000
 87.11000000  61.33900000
 87.11000000  61.33900000
 87.11000000  61.33900000
 87.11000000  61.33900000
 87.11000000  61.33900000
 87.11000000  61.33900000
 87.11000000  61.33900000
 87.11000000  61.33900000
 87.11000000  61.33900000
 87.11000000  61.33900000
 87.11000000  61.33900000
 87.11000000  61.33900000
 87.11000000  61.33900000
222.99000000  62.12800000
209.07000000  62.82900000
225.23000000  63.61700000
211.32000000  64.31800000
227.51000000  65.10700000
213.63000000  65.80800000
229.85000000  66.59700000
231.11000000  67.38500000
217.27000000  68.08600000
233.52000000  68.87500000
219.71000000  69.57600000
235.99000000  70.36500000
222.21000000  71.06600000
238.52000000  71.85400000
239.88000000  72.64300000
226.12000000  73.34400000
242.48000000  74.13200000
228.75000000  74.83400000
245.14000000  75.62200000
231.44000000  76.32300000
247.85000000  77.11200000
249.30000000  77.90000000
235.64000000  78.60100000
252.09000000  79.39000000
238.46000000  80.09100000
254.94000000  80.88000000
241.33000000  81.58100000
257.83000000  82.36900000
259.39000000  83.15800000
245.81000000  83.85900000
262.37000000  84.64800000
248.82000000  85.34900000
265.40000000  86.13700000
251.87000000  86.83800000
268.48000000  87.62700000
133.76000000  87.62700000
133.76000000  87.62700000
133.76000000  87.62700000
133.76000000  87.62700000
133.76000000  87.62700000
133.76000000  87.62700000
133.76000000  87.62700000
133.76000000  87.62700000
133.76000000  87.62700000
133.76000000  87.62700000
133.76000000  87.62700000
133.76000000  87.62700000
133.76000000  87.62700000
133.76000000  87.62700000
133.76000000  87.62700000
133.76000000  87.62700000
133.76000000  87.62700000
133.76000000  87.62700000
133.76000000  87.62700000
133.76000000  87.62700000
133.76000000  87.62700000
133.76000000  87.62700000
133.76000000  87.62700000
133.76000000  87.62700000
133.76000000  87.62700000
133.76000000  87.62700000
133.76000000  87.62700000
133.76000000  87.62700000
133.76000000  87.62700000
133.76000000  87.62700000
285.29000000  88.50300000
287.15000000  89.38000000
289.02000000  90.25600000
290.91000000  91.13200000
292.83000000  92.00800000
294.76000000  92.88500000
296.70000000  93.76100000
298.67000000  94.63700000
300.65000000  95.51300000
302.66000000  96.39000000
304.68000000  97.26600000
306.72000000  98.14200000
308.78000000  99.01900000
310.85000000  99.89500000
312.95000000 100.77000000
315.06000000 101.65000000
317.19000000 102.52000000
319.34000000 103.40000000
321.51000000 104.28000000
323.69000000 105.15000000
174.00000000 105.15000000
174.00000000 105.15000000
174.00000000 105.15000000
174.00000000 105.15000000
174.00000000 105.15000000
174.00000000 105.15000000
174.00000000 105.15000000
174.00000000 105.15000000
174.00000000 105.15000000
174.00000000 105.15000000
-205.67000000 102.96000000
-210.98000000 100.77000000
-216.19000000  98.58000000
-221.27000000  96.39000000
-226.25000000  94.19900000
-231.11000000  92.00800000
-235.85000000  89.81800000
-240.48000000  87.62700000
-245.00000000  85.43600000
-249.40000000  83.24600000
-253.69000000  81.05500000
-257.86000000  78.86400000
-261.92000000  76.67400000
-265.86000000  74.48300000
-269.69000000  72.29200000
-273.41000000  70.10200000
-458.33000000  66.85900000
-478.47000000  63.53000000
-468.28000000  60.28700000
-487.90000000  56.95800000
-477.21000000  53.71500000
-496.31000000  50.38600000
-485.10000000  47.14300000
-503.68000000  43.81400000
-687.66000000  39.43200000
-691.55000000  35.05100000
-694.98000000  30.66900000
-697.95000000  26.28800000
-700.46000000  21.90700000
-702.52000000  17.52500000
-704.14000000  13.14400000
-705.59000000   8.76270000
-710.90000000   4.38140000
-748.47000000   0.00000000
  0.00000000   0.00000000
  0.00000000   0.00000000
  0.00000000   0.00000000
  0.00000000   0.00000000
  0.00000000   0.00000000
  0.00000000   0.00000000
  0.00000000   0.00000000
  0.00000000   0.00000000
  0.00000000   0.00000000
  0.00000000   0.00000000
  0.00000000   0.00000000
  0.00000000   0.00000000
  0.00000000   0.00000000
  0.00000000   0.00000000
  0.00000000   0.00000000
  0.00000000   0.00000000
  0.00000000   0.00000000
  0.00000000   0.00000000
  0.00000000   0.00000000
  0.00000000   0.00000000
