0 	 0.800000 	 
1 	 0.804348 	 
2 	 0.808655 	 
3 	 0.812922 	 
4 	 0.817147 	 
5 	 0.821330 	 
6 	 0.825470 	 
7 	 0.829567 	 
8 	 0.833644 	 
9 	 0.837713 	 
10 	 0.841750 	 
11 	 0.845731 	 
12 	 0.849635 	 
13 	 0.853438 	 
14 	 0.857118 	 
15 	 0.860720 	 
16 	 0.864285 	 
17 	 0.867781 	 
18 	 0.871177 	 
19 	 0.874443 	 
20 	 0.877547 	 
21 	 0.880458 	 
22 	 0.883232 	 
23 	 0.885928 	 
24 	 0.888521 	 
25 	 0.890989 	 
26 	 0.893307 	 
27 	 0.895452 	 
28 	 0.897401 	 
29 	 0.899163 	 
30 	 0.900785 	 
31 	 0.902296 	 
32 	 0.903725 	 
33 	 0.905103 	 
34 	 0.906457 	 
35 	 0.907818 	 
36 	 0.909176 	 
37 	 0.910504 	 
38 	 0.911803 	 
39 	 0.913075 	 
40 	 0.914322 	 
41 	 0.915545 	 
42 	 0.916746 	 
43 	 0.917928 	 
44 	 0.919090 	 
45 	 0.920231 	 
46 	 0.921349 	 
47 	 0.922445 	 
48 	 0.923514 	 
49 	 0.924558 	 
50 	 0.925578 	 
51 	 0.926580 	 
52 	 0.927561 	 
53 	 0.928520 	 
54 	 0.929455 	 
55 	 0.930364 	 
56 	 0.931245 	 
57 	 0.932104 	 
58 	 0.932945 	 
59 	 0.933765 	 
60 	 0.934564 	 
61 	 0.935337 	 
62 	 0.936084 	 
63 	 0.936803 	 
64 	 0.937499 	 
65 	 0.938179 	 
66 	 0.938838 	 
67 	 0.939476 	 
68 	 0.940088 	 
69 	 0.940672 	 
70 	 0.941227 	 
71 	 0.941758 	 
72 	 0.942274 	 
73 	 0.942770 	 
74 	 0.943245 	 
75 	 0.943695 	 
76 	 0.944117 	 
77 	 0.944508 	 
78 	 0.944871 	 
79 	 0.945212 	 
80 	 0.945535 	 
81 	 0.945842 	 
82 	 0.946135 	 
83 	 0.946418 	 
84 	 0.946692 	 
85 	 0.946958 	 
86 	 0.947213 	 
87 	 0.947459 	 
88 	 0.947697 	 
89 	 0.947928 	 
90 	 0.948153 	 
91 	 0.948373 	 
92 	 0.948587 	 
93 	 0.948797 	 
94 	 0.949001 	 
95 	 0.949200 	 
96 	 0.949394 	 
97 	 0.949583 	 
98 	 0.949767 	 
99 	 0.949947 	 
100 	 0.950122 	 
101 	 0.950293 	 
102 	 0.950460 	 
103 	 0.950623 	 
104 	 0.950783 	 
105 	 0.950940 	 
106 	 0.951093 	 
107 	 0.951243 	 
108 	 0.951389 	 
109 	 0.951533 	 
110 	 0.951675 	 
111 	 0.951814 	 
112 	 0.951953 	 
113 	 0.952089 	 
114 	 0.952222 	 
115 	 0.952354 	 
116 	 0.952484 	 
117 	 0.952613 	 
118 	 0.952742 	 
119 	 0.952870 	 
120 	 0.952998 	 
121 	 0.953125 	 
122 	 0.953250 	 
123 	 0.953375 	 
124 	 0.953501 	 
125 	 0.953627 	 
126 	 0.953755 	 
127 	 0.953883 	 
128 	 0.954011 	 
129 	 0.954140 	 
130 	 0.954270 	 
131 	 0.954401 	 
132 	 0.954535 	 
133 	 0.954670 	 
134 	 0.954808 	 
135 	 0.954949 	 
136 	 0.955092 	 
137 	 0.955236 	 
138 	 0.955382 	 
139 	 0.955528 	 
140 	 0.955675 	 
141 	 0.955822 	 
142 	 0.955971 	 
143 	 0.956120 	 
144 	 0.956271 	 
145 	 0.956421 	 
146 	 0.956571 	 
147 	 0.956721 	 
148 	 0.956870 	 
149 	 0.957020 	 
150 	 0.957169 	 
151 	 0.957318 	 
152 	 0.957467 	 
153 	 0.957615 	 
154 	 0.957763 	 
155 	 0.957911 	 
156 	 0.958058 	 
157 	 0.958205 	 
158 	 0.958352 	 
159 	 0.958498 	 
160 	 0.958643 	 
161 	 0.958787 	 
162 	 0.958931 	 
163 	 0.959074 	 
164 	 0.959217 	 
165 	 0.959358 	 
166 	 0.959499 	 
167 	 0.959639 	 
168 	 0.959777 	 
169 	 0.959915 	 
170 	 0.960051 	 
171 	 0.960187 	 
172 	 0.960322 	 
173 	 0.960455 	 
174 	 0.960587 	 
175 	 0.960717 	 
176 	 0.960846 	 
177 	 0.960974 	 
178 	 0.961101 	 
179 	 0.961226 	 
180 	 0.961350 	 
181 	 0.961472 	 
182 	 0.961592 	 
183 	 0.961710 	 
184 	 0.961827 	 
185 	 0.961943 	 
186 	 0.962057 	 
187 	 0.962168 	 
188 	 0.962278 	 
189 	 0.962386 	 
190 	 0.962491 	 
191 	 0.962593 	 
192 	 0.962694 	 
193 	 0.962793 	 
194 	 0.962891 	 
195 	 0.962988 	 
196 	 0.963085 	 
197 	 0.963181 	 
198 	 0.963277 	 
199 	 0.963371 	 
200 	 0.963464 	 
201 	 0.963557 	 
202 	 0.963649 	 
203 	 0.963741 	 
204 	 0.963833 	 
205 	 0.963924 	 
206 	 0.964015 	 
207 	 0.964106 	 
208 	 0.964196 	 
209 	 0.964285 	 
210 	 0.964373 	 
211 	 0.964461 	 
212 	 0.964549 	 
213 	 0.964635 	 
214 	 0.964722 	 
215 	 0.964807 	 
216 	 0.964892 	 
217 	 0.964976 	 
218 	 0.965060 	 
219 	 0.965143 	 
220 	 0.965225 	 
221 	 0.965306 	 
222 	 0.965387 	 
223 	 0.965468 	 
224 	 0.965547 	 
225 	 0.965626 	 
226 	 0.965704 	 
227 	 0.965782 	 
228 	 0.965858 	 
229 	 0.965935 	 
230 	 0.966010 	 
231 	 0.966084 	 
232 	 0.966157 	 
233 	 0.966230 	 
234 	 0.966302 	 
235 	 0.966373 	 
236 	 0.966443 	 
237 	 0.966512 	 
238 	 0.966581 	 
239 	 0.966648 	 
240 	 0.966715 	 
241 	 0.966782 	 
242 	 0.966847 	 
243 	 0.966912 	 
244 	 0.966975 	 
245 	 0.967037 	 
246 	 0.967099 	 
247 	 0.967160 	 
248 	 0.967219 	 
249 	 0.967278 	 
250 	 0.967336 	 
251 	 0.967393 	 
252 	 0.967448 	 
253 	 0.967503 	 
254 	 0.967556 	 
255 	 0.967609 	 
256 	 0.967661 	 
257 	 0.967712 	 
258 	 0.967761 	 
259 	 0.967810 	 
260 	 0.967857 	 
261 	 0.967903 	 
262 	 0.967949 	 
263 	 0.967993 	 
264 	 0.968037 	 
265 	 0.968080 	 
266 	 0.968124 	 
267 	 0.968167 	 
268 	 0.968209 	 
269 	 0.968251 	 
270 	 0.968293 	 
271 	 0.968335 	 
272 	 0.968376 	 
273 	 0.968417 	 
274 	 0.968457 	 
275 	 0.968497 	 
276 	 0.968537 	 
277 	 0.968577 	 
278 	 0.968616 	 
279 	 0.968655 	 
280 	 0.968693 	 
281 	 0.968732 	 
282 	 0.968770 	 
283 	 0.968807 	 
284 	 0.968844 	 
285 	 0.968881 	 
286 	 0.968917 	 
287 	 0.968953 	 
288 	 0.968989 	 
289 	 0.969024 	 
290 	 0.969059 	 
291 	 0.969093 	 
292 	 0.969127 	 
293 	 0.969160 	 
294 	 0.969193 	 
295 	 0.969226 	 
296 	 0.969258 	 
297 	 0.969289 	 
298 	 0.969320 	 
299 	 0.969351 	 
300 	 0.969381 	 
301 	 0.969411 	 
302 	 0.969440 	 
303 	 0.969469 	 
304 	 0.969498 	 
305 	 0.969526 	 
306 	 0.969553 	 
307 	 0.969580 	 
308 	 0.969606 	 
309 	 0.969631 	 
310 	 0.969656 	 
311 	 0.969681 	 
312 	 0.969705 	 
313 	 0.969729 	 
314 	 0.969751 	 
315 	 0.969774 	 
316 	 0.969795 	 
317 	 0.969817 	 
318 	 0.969837 	 
319 	 0.969858 	 
320 	 0.969877 	 
321 	 0.969896 	 
322 	 0.969914 	 
323 	 0.969932 	 
324 	 0.969948 	 
325 	 0.969965 	 
326 	 0.969980 	 
327 	 0.969996 	 
328 	 0.970011 	 
329 	 0.970026 	 
330 	 0.970041 	 
331 	 0.970056 	 
332 	 0.970070 	 
333 	 0.970085 	 
334 	 0.970099 	 
335 	 0.970114 	 
336 	 0.970128 	 
337 	 0.970143 	 
338 	 0.970157 	 
339 	 0.970172 	 
340 	 0.970186 	 
341 	 0.970201 	 
342 	 0.970216 	 
343 	 0.970230 	 
344 	 0.970245 	 
345 	 0.970259 	 
346 	 0.970274 	 
347 	 0.970289 	 
348 	 0.970303 	 
349 	 0.970318 	 
350 	 0.970332 	 
351 	 0.970347 	 
352 	 0.970361 	 
353 	 0.970376 	 
354 	 0.970390 	 
355 	 0.970404 	 
356 	 0.970419 	 
357 	 0.970433 	 
358 	 0.970448 	 
359 	 0.970462 	 
360 	 0.970476 	 
361 	 0.970490 	 
362 	 0.970505 	 
363 	 0.970519 	 
364 	 0.970533 	 
365 	 0.970547 	 
366 	 0.970562 	 
367 	 0.970576 	 
368 	 0.970590 	 
369 	 0.970605 	 
370 	 0.970619 	 
371 	 0.970633 	 
372 	 0.970647 	 
373 	 0.970662 	 
374 	 0.970676 	 
375 	 0.970690 	 
376 	 0.970704 	 
377 	 0.970718 	 
378 	 0.970732 	 
379 	 0.970746 	 
380 	 0.970761 	 
381 	 0.970775 	 
382 	 0.970789 	 
383 	 0.970803 	 
384 	 0.970817 	 
385 	 0.970831 	 
386 	 0.970845 	 
387 	 0.970860 	 
388 	 0.970874 	 
389 	 0.970888 	 
390 	 0.970902 	 
391 	 0.970916 	 
392 	 0.970930 	 
393 	 0.970944 	 
394 	 0.970958 	 
395 	 0.970972 	 
396 	 0.970986 	 
397 	 0.971000 	 
398 	 0.971013 	 
399 	 0.971027 	 
400 	 0.971041 	 
401 	 0.971055 	 
402 	 0.971069 	 
403 	 0.971083 	 
404 	 0.971097 	 
405 	 0.971111 	 
406 	 0.971125 	 
407 	 0.971139 	 
408 	 0.971153 	 
409 	 0.971167 	 
410 	 0.971180 	 
411 	 0.971194 	 
412 	 0.971208 	 
413 	 0.971221 	 
414 	 0.971235 	 
415 	 0.971249 	 
416 	 0.971263 	 
417 	 0.971277 	 
418 	 0.971291 	 
419 	 0.971305 	 
420 	 0.971318 	 
421 	 0.971332 	 
422 	 0.971346 	 
423 	 0.971359 	 
424 	 0.971373 	 
425 	 0.971386 	 
426 	 0.971400 	 
427 	 0.971413 	 
428 	 0.971427 	 
429 	 0.971441 	 
430 	 0.971455 	 
431 	 0.971468 	 
432 	 0.971482 	 
433 	 0.971496 	 
434 	 0.971509 	 
435 	 0.971523 	 
436 	 0.971536 	 
437 	 0.971550 	 
438 	 0.971563 	 
439 	 0.971577 	 
440 	 0.971590 	 
441 	 0.971603 	 
442 	 0.971617 	 
443 	 0.971630 	 
444 	 0.971644 	 
445 	 0.971657 	 
446 	 0.971671 	 
447 	 0.971684 	 
448 	 0.971697 	 
449 	 0.971711 	 
450 	 0.971724 	 
451 	 0.971738 	 
452 	 0.971751 	 
453 	 0.971765 	 
454 	 0.971778 	 
455 	 0.971791 	 
456 	 0.971805 	 
457 	 0.971818 	 
458 	 0.971831 	 
459 	 0.971845 	 
460 	 0.971858 	 
461 	 0.971871 	 
462 	 0.971884 	 
463 	 0.971898 	 
464 	 0.971911 	 
465 	 0.971924 	 
466 	 0.971938 	 
467 	 0.971951 	 
468 	 0.971964 	 
469 	 0.971977 	 
470 	 0.971991 	 
471 	 0.972004 	 
472 	 0.972017 	 
473 	 0.972030 	 
474 	 0.972043 	 
475 	 0.972056 	 
476 	 0.972069 	 
477 	 0.972082 	 
478 	 0.972095 	 
479 	 0.972108 	 
480 	 0.972121 	 
481 	 0.972134 	 
482 	 0.972147 	 
483 	 0.972160 	 
484 	 0.972173 	 
485 	 0.972186 	 
486 	 0.972199 	 
487 	 0.972212 	 
488 	 0.972225 	 
489 	 0.972238 	 
490 	 0.972251 	 
491 	 0.972264 	 
492 	 0.972278 	 
493 	 0.972291 	 
494 	 0.972304 	 
495 	 0.972317 	 
496 	 0.972330 	 
497 	 0.972342 	 
498 	 0.972355 	 
499 	 0.972368 	 
500 	 0.972381 	 
501 	 0.972393 	 
502 	 0.972406 	 
503 	 0.972419 	 
504 	 0.972431 	 
505 	 0.972444 	 
506 	 0.972457 	 
507 	 0.972470 	 
508 	 0.972483 	 
509 	 0.972496 	 
510 	 0.972509 	 
511 	 0.972521 	 
512 	 0.972534 	 
513 	 0.972547 	 
514 	 0.972560 	 
515 	 0.972572 	 
516 	 0.972585 	 
517 	 0.972598 	 
518 	 0.972610 	 
519 	 0.972623 	 
520 	 0.972636 	 
521 	 0.972648 	 
522 	 0.972661 	 
523 	 0.972673 	 
524 	 0.972686 	 
525 	 0.972699 	 
526 	 0.972711 	 
527 	 0.972724 	 
528 	 0.972736 	 
529 	 0.972749 	 
530 	 0.972761 	 
531 	 0.972774 	 
532 	 0.972787 	 
533 	 0.972799 	 
534 	 0.972811 	 
535 	 0.972824 	 
536 	 0.972836 	 
537 	 0.972849 	 
538 	 0.972861 	 
539 	 0.972874 	 
540 	 0.972886 	 
541 	 0.972898 	 
542 	 0.972911 	 
543 	 0.972923 	 
544 	 0.972936 	 
545 	 0.972948 	 
546 	 0.972961 	 
547 	 0.972973 	 
548 	 0.972985 	 
549 	 0.972997 	 
550 	 0.973010 	 
551 	 0.973022 	 
552 	 0.973034 	 
553 	 0.973047 	 
554 	 0.973059 	 
555 	 0.973071 	 
556 	 0.973083 	 
557 	 0.973096 	 
558 	 0.973108 	 
559 	 0.973120 	 
560 	 0.973133 	 
561 	 0.973145 	 
562 	 0.973157 	 
563 	 0.973169 	 
564 	 0.973181 	 
565 	 0.973193 	 
566 	 0.973205 	 
567 	 0.973218 	 
568 	 0.973230 	 
569 	 0.973242 	 
570 	 0.973254 	 
571 	 0.973266 	 
572 	 0.973278 	 
573 	 0.973290 	 
574 	 0.973303 	 
575 	 0.973315 	 
576 	 0.973327 	 
577 	 0.973339 	 
578 	 0.973351 	 
579 	 0.973363 	 
580 	 0.973375 	 
581 	 0.973387 	 
582 	 0.973399 	 
583 	 0.973411 	 
584 	 0.973423 	 
585 	 0.973435 	 
586 	 0.973447 	 
587 	 0.973459 	 
588 	 0.973471 	 
589 	 0.973483 	 
590 	 0.973494 	 
591 	 0.973506 	 
592 	 0.973518 	 
593 	 0.973530 	 
594 	 0.973542 	 
595 	 0.973554 	 
596 	 0.973565 	 
597 	 0.973577 	 
598 	 0.973589 	 
599 	 0.973601 	 
600 	 0.973612 	 
601 	 0.973624 	 
602 	 0.973636 	 
603 	 0.973647 	 
604 	 0.973659 	 
605 	 0.973671 	 
606 	 0.973682 	 
607 	 0.973694 	 
608 	 0.973706 	 
609 	 0.973718 	 
610 	 0.973729 	 
611 	 0.973741 	 
612 	 0.973753 	 
613 	 0.973765 	 
614 	 0.973776 	 
615 	 0.973788 	 
616 	 0.973800 	 
617 	 0.973811 	 
618 	 0.973823 	 
619 	 0.973834 	 
620 	 0.973846 	 
621 	 0.973858 	 
622 	 0.973869 	 
623 	 0.973881 	 
624 	 0.973892 	 
625 	 0.973904 	 
626 	 0.973915 	 
627 	 0.973926 	 
628 	 0.973938 	 
629 	 0.973949 	 
630 	 0.973961 	 
631 	 0.973972 	 
632 	 0.973984 	 
633 	 0.973995 	 
634 	 0.974006 	 
635 	 0.974018 	 
636 	 0.974029 	 
637 	 0.974041 	 
638 	 0.974052 	 
639 	 0.974064 	 
640 	 0.974075 	 
641 	 0.974087 	 
642 	 0.974098 	 
643 	 0.974109 	 
644 	 0.974121 	 
645 	 0.974132 	 
646 	 0.974143 	 
647 	 0.974154 	 
648 	 0.974165 	 
649 	 0.974176 	 
650 	 0.974187 	 
651 	 0.974199 	 
652 	 0.974210 	 
653 	 0.974221 	 
654 	 0.974233 	 
655 	 0.974244 	 
656 	 0.974255 	 
657 	 0.974266 	 
658 	 0.974278 	 
659 	 0.974289 	 
660 	 0.974300 	 
661 	 0.974311 	 
662 	 0.974322 	 
663 	 0.974334 	 
664 	 0.974345 	 
665 	 0.974356 	 
666 	 0.974367 	 
667 	 0.974378 	 
668 	 0.974389 	 
669 	 0.974400 	 
670 	 0.974411 	 
671 	 0.974422 	 
672 	 0.974433 	 
673 	 0.974444 	 
674 	 0.974455 	 
675 	 0.974466 	 
676 	 0.974477 	 
677 	 0.974488 	 
678 	 0.974499 	 
679 	 0.974510 	 
680 	 0.974521 	 
681 	 0.974531 	 
682 	 0.974542 	 
683 	 0.974553 	 
684 	 0.974564 	 
685 	 0.974575 	 
686 	 0.974586 	 
687 	 0.974597 	 
688 	 0.974607 	 
689 	 0.974618 	 
690 	 0.974629 	 
691 	 0.974640 	 
692 	 0.974651 	 
693 	 0.974662 	 
694 	 0.974672 	 
695 	 0.974683 	 
696 	 0.974694 	 
697 	 0.974705 	 
698 	 0.974715 	 
699 	 0.974726 	 
700 	 0.974737 	 
701 	 0.974747 	 
702 	 0.974758 	 
703 	 0.974768 	 
704 	 0.974779 	 
705 	 0.974790 	 
706 	 0.974800 	 
707 	 0.974811 	 
708 	 0.974821 	 
709 	 0.974832 	 
710 	 0.974843 	 
711 	 0.974854 	 
712 	 0.974864 	 
713 	 0.974875 	 
714 	 0.974886 	 
715 	 0.974896 	 
716 	 0.974907 	 
717 	 0.974917 	 
718 	 0.974928 	 
719 	 0.974938 	 
720 	 0.974948 	 
721 	 0.974959 	 
722 	 0.974969 	 
723 	 0.974980 	 
724 	 0.974990 	 
725 	 0.975000 	 
726 	 0.975011 	 
727 	 0.975021 	 
728 	 0.975032 	 
729 	 0.975042 	 
730 	 0.975053 	 
731 	 0.975063 	 
732 	 0.975074 	 
733 	 0.975084 	 
734 	 0.975094 	 
735 	 0.975105 	 
736 	 0.975115 	 
737 	 0.975125 	 
738 	 0.975136 	 
739 	 0.975146 	 
740 	 0.975156 	 
741 	 0.975167 	 
742 	 0.975177 	 
743 	 0.975187 	 
744 	 0.975197 	 
745 	 0.975207 	 
746 	 0.975217 	 
747 	 0.975227 	 
748 	 0.975238 	 
749 	 0.975248 	 
750 	 0.975258 	 
751 	 0.975268 	 
752 	 0.975278 	 
753 	 0.975288 	 
754 	 0.975298 	 
755 	 0.975309 	 
756 	 0.975319 	 
757 	 0.975329 	 
758 	 0.975339 	 
759 	 0.975349 	 
760 	 0.975359 	 
761 	 0.975370 	 
762 	 0.975380 	 
763 	 0.975390 	 
764 	 0.975400 	 
765 	 0.975410 	 
766 	 0.975419 	 
767 	 0.975429 	 
768 	 0.975439 	 
769 	 0.975449 	 
770 	 0.975459 	 
771 	 0.975469 	 
772 	 0.975479 	 
773 	 0.975489 	 
774 	 0.975499 	 
775 	 0.975509 	 
776 	 0.975519 	 
777 	 0.975529 	 
778 	 0.975539 	 
779 	 0.975549 	 
780 	 0.975558 	 
781 	 0.975568 	 
782 	 0.975578 	 
783 	 0.975588 	 
784 	 0.975598 	 
785 	 0.975608 	 
786 	 0.975617 	 
787 	 0.975627 	 
788 	 0.975637 	 
789 	 0.975646 	 
790 	 0.975656 	 
791 	 0.975666 	 
792 	 0.975675 	 
793 	 0.975685 	 
794 	 0.975695 	 
795 	 0.975705 	 
796 	 0.975714 	 
797 	 0.975724 	 
798 	 0.975734 	 
799 	 0.975743 	 
800 	 0.975753 	 
801 	 0.975763 	 
802 	 0.975772 	 
803 	 0.975782 	 
804 	 0.975791 	 
805 	 0.975801 	 
806 	 0.975810 	 
807 	 0.975820 	 
808 	 0.975830 	 
809 	 0.975839 	 
810 	 0.975849 	 
811 	 0.975858 	 
812 	 0.975868 	 
813 	 0.975877 	 
814 	 0.975887 	 
815 	 0.975896 	 
816 	 0.975906 	 
817 	 0.975915 	 
818 	 0.975924 	 
819 	 0.975934 	 
820 	 0.975943 	 
821 	 0.975952 	 
822 	 0.975962 	 
823 	 0.975971 	 
824 	 0.975980 	 
825 	 0.975989 	 
826 	 0.975999 	 
827 	 0.976008 	 
828 	 0.976018 	 
829 	 0.976027 	 
830 	 0.976037 	 
831 	 0.976046 	 
832 	 0.976055 	 
833 	 0.976065 	 
834 	 0.976074 	 
835 	 0.976083 	 
836 	 0.976092 	 
837 	 0.976101 	 
838 	 0.976111 	 
839 	 0.976120 	 
840 	 0.976129 	 
841 	 0.976138 	 
842 	 0.976147 	 
843 	 0.976156 	 
844 	 0.976165 	 
845 	 0.976174 	 
846 	 0.976184 	 
847 	 0.976193 	 
848 	 0.976202 	 
849 	 0.976211 	 
850 	 0.976220 	 
851 	 0.976229 	 
852 	 0.976239 	 
853 	 0.976248 	 
854 	 0.976257 	 
855 	 0.976266 	 
856 	 0.976275 	 
857 	 0.976284 	 
858 	 0.976293 	 
859 	 0.976302 	 
860 	 0.976311 	 
861 	 0.976320 	 
862 	 0.976329 	 
863 	 0.976338 	 
864 	 0.976346 	 
865 	 0.976355 	 
866 	 0.976364 	 
867 	 0.976373 	 
868 	 0.976382 	 
869 	 0.976391 	 
870 	 0.976399 	 
871 	 0.976408 	 
872 	 0.976417 	 
873 	 0.976426 	 
874 	 0.976435 	 
875 	 0.976444 	 
876 	 0.976453 	 
877 	 0.976462 	 
878 	 0.976470 	 
879 	 0.976479 	 
880 	 0.976488 	 
881 	 0.976497 	 
882 	 0.976506 	 
883 	 0.976514 	 
884 	 0.976523 	 
885 	 0.976532 	 
886 	 0.976540 	 
887 	 0.976549 	 
888 	 0.976557 	 
889 	 0.976566 	 
890 	 0.976574 	 
891 	 0.976583 	 
892 	 0.976592 	 
893 	 0.976601 	 
894 	 0.976609 	 
895 	 0.976618 	 
896 	 0.976627 	 
897 	 0.976635 	 
898 	 0.976644 	 
899 	 0.976653 	 
900 	 0.976661 	 
901 	 0.976670 	 
902 	 0.976678 	 
903 	 0.976687 	 
904 	 0.976695 	 
905 	 0.976704 	 
906 	 0.976712 	 
907 	 0.976721 	 
908 	 0.976729 	 
909 	 0.976737 	 
910 	 0.976746 	 
911 	 0.976754 	 
912 	 0.976763 	 
913 	 0.976771 	 
914 	 0.976780 	 
915 	 0.976788 	 
916 	 0.976796 	 
917 	 0.976805 	 
918 	 0.976813 	 
919 	 0.976821 	 
920 	 0.976830 	 
921 	 0.976838 	 
922 	 0.976846 	 
923 	 0.976855 	 
924 	 0.976863 	 
925 	 0.976871 	 
926 	 0.976879 	 
927 	 0.976887 	 
928 	 0.976895 	 
929 	 0.976903 	 
930 	 0.976912 	 
931 	 0.976920 	 
932 	 0.976928 	 
933 	 0.976936 	 
934 	 0.976945 	 
935 	 0.976953 	 
936 	 0.976961 	 
937 	 0.976970 	 
938 	 0.976978 	 
939 	 0.976986 	 
940 	 0.976994 	 
941 	 0.977002 	 
942 	 0.977010 	 
943 	 0.977018 	 
944 	 0.977026 	 
945 	 0.977034 	 
946 	 0.977042 	 
947 	 0.977050 	 
948 	 0.977058 	 
949 	 0.977066 	 
950 	 0.977074 	 
951 	 0.977082 	 
952 	 0.977090 	 
953 	 0.977098 	 
954 	 0.977106 	 
955 	 0.977114 	 
956 	 0.977122 	 
957 	 0.977130 	 
958 	 0.977138 	 
959 	 0.977146 	 
960 	 0.977154 	 
961 	 0.977162 	 
962 	 0.977169 	 
963 	 0.977177 	 
964 	 0.977185 	 
965 	 0.977193 	 
966 	 0.977201 	 
967 	 0.977208 	 
968 	 0.977216 	 
969 	 0.977224 	 
970 	 0.977232 	 
971 	 0.977239 	 
972 	 0.977247 	 
973 	 0.977255 	 
974 	 0.977262 	 
975 	 0.977270 	 
976 	 0.977278 	 
977 	 0.977286 	 
978 	 0.977293 	 
979 	 0.977301 	 
980 	 0.977309 	 
981 	 0.977316 	 
982 	 0.977324 	 
983 	 0.977332 	 
984 	 0.977340 	 
985 	 0.977347 	 
986 	 0.977355 	 
987 	 0.977363 	 
988 	 0.977370 	 
989 	 0.977378 	 
990 	 0.977386 	 
991 	 0.977393 	 
992 	 0.977401 	 
993 	 0.977408 	 
994 	 0.977416 	 
995 	 0.977423 	 
996 	 0.977431 	 
997 	 0.977438 	 
998 	 0.977445 	 
999 	 0.977453 	 
1000 	 0.977460 	 
1001 	 0.977468 	 
1002 	 0.977475 	 
1003 	 0.977483 	 
1004 	 0.977490 	 
1005 	 0.977497 	 
1006 	 0.977505 	 
1007 	 0.977512 	 
1008 	 0.977520 	 
1009 	 0.977527 	 
1010 	 0.977534 	 
1011 	 0.977542 	 
1012 	 0.977549 	 
1013 	 0.977556 	 
1014 	 0.977563 	 
1015 	 0.977571 	 
1016 	 0.977578 	 
1017 	 0.977585 	 
1018 	 0.977593 	 
1019 	 0.977600 	 
1020 	 0.977607 	 
1021 	 0.977614 	 
1022 	 0.977622 	 
1023 	 0.977629 	 
1024 	 0.977636 	 
1025 	 0.977643 	 
1026 	 0.977650 	 
1027 	 0.977657 	 
1028 	 0.977665 	 
1029 	 0.977672 	 
1030 	 0.977679 	 
1031 	 0.977686 	 
1032 	 0.977693 	 
1033 	 0.977700 	 
1034 	 0.977707 	 
1035 	 0.977715 	 
1036 	 0.977722 	 
1037 	 0.977729 	 
1038 	 0.977736 	 
1039 	 0.977743 	 
1040 	 0.977750 	 
1041 	 0.977757 	 
1042 	 0.977764 	 
1043 	 0.977771 	 
1044 	 0.977778 	 
1045 	 0.977785 	 
1046 	 0.977792 	 
1047 	 0.977799 	 
1048 	 0.977806 	 
1049 	 0.977813 	 
1050 	 0.977820 	 
1051 	 0.977827 	 
1052 	 0.977833 	 
1053 	 0.977840 	 
1054 	 0.977847 	 
1055 	 0.977854 	 
1056 	 0.977861 	 
1057 	 0.977868 	 
1058 	 0.977874 	 
1059 	 0.977881 	 
1060 	 0.977888 	 
1061 	 0.977895 	 
1062 	 0.977901 	 
1063 	 0.977908 	 
1064 	 0.977915 	 
1065 	 0.977921 	 
1066 	 0.977928 	 
1067 	 0.977935 	 
1068 	 0.977941 	 
1069 	 0.977948 	 
1070 	 0.977955 	 
1071 	 0.977962 	 
1072 	 0.977968 	 
1073 	 0.977975 	 
1074 	 0.977982 	 
1075 	 0.977989 	 
1076 	 0.977995 	 
1077 	 0.978002 	 
1078 	 0.978009 	 
1079 	 0.978015 	 
1080 	 0.978022 	 
1081 	 0.978028 	 
1082 	 0.978035 	 
1083 	 0.978042 	 
1084 	 0.978048 	 
1085 	 0.978055 	 
1086 	 0.978061 	 
1087 	 0.978068 	 
1088 	 0.978074 	 
1089 	 0.978080 	 
1090 	 0.978087 	 
1091 	 0.978093 	 
1092 	 0.978100 	 
1093 	 0.978106 	 
1094 	 0.978112 	 
1095 	 0.978119 	 
1096 	 0.978125 	 
1097 	 0.978132 	 
1098 	 0.978138 	 
1099 	 0.978145 	 
1100 	 0.978151 	 
1101 	 0.978158 	 
1102 	 0.978164 	 
1103 	 0.978170 	 
1104 	 0.978177 	 
1105 	 0.978183 	 
1106 	 0.978190 	 
1107 	 0.978196 	 
1108 	 0.978202 	 
1109 	 0.978208 	 
1110 	 0.978214 	 
1111 	 0.978220 	 
1112 	 0.978226 	 
1113 	 0.978233 	 
1114 	 0.978239 	 
1115 	 0.978245 	 
1116 	 0.978252 	 
1117 	 0.978258 	 
1118 	 0.978264 	 
1119 	 0.978270 	 
1120 	 0.978277 	 
1121 	 0.978283 	 
1122 	 0.978289 	 
1123 	 0.978295 	 
1124 	 0.978301 	 
1125 	 0.978307 	 
1126 	 0.978313 	 
1127 	 0.978319 	 
1128 	 0.978325 	 
1129 	 0.978331 	 
1130 	 0.978337 	 
1131 	 0.978343 	 
1132 	 0.978349 	 
1133 	 0.978356 	 
1134 	 0.978362 	 
1135 	 0.978367 	 
1136 	 0.978373 	 
1137 	 0.978379 	 
1138 	 0.978385 	 
1139 	 0.978391 	 
1140 	 0.978397 	 
1141 	 0.978403 	 
1142 	 0.978409 	 
1143 	 0.978415 	 
1144 	 0.978421 	 
1145 	 0.978427 	 
1146 	 0.978433 	 
1147 	 0.978439 	 
1148 	 0.978445 	 
1149 	 0.978450 	 
1150 	 0.978456 	 
1151 	 0.978462 	 
1152 	 0.978467 	 
1153 	 0.978473 	 
1154 	 0.978479 	 
1155 	 0.978485 	 
1156 	 0.978490 	 
1157 	 0.978496 	 
1158 	 0.978502 	 
1159 	 0.978507 	 
1160 	 0.978513 	 
1161 	 0.978519 	 
1162 	 0.978525 	 
1163 	 0.978530 	 
1164 	 0.978536 	 
1165 	 0.978542 	 
1166 	 0.978547 	 
1167 	 0.978553 	 
1168 	 0.978559 	 
1169 	 0.978565 	 
1170 	 0.978570 	 
1171 	 0.978576 	 
1172 	 0.978581 	 
1173 	 0.978587 	 
1174 	 0.978592 	 
1175 	 0.978598 	 
1176 	 0.978603 	 
1177 	 0.978609 	 
1178 	 0.978614 	 
1179 	 0.978620 	 
1180 	 0.978625 	 
1181 	 0.978631 	 
1182 	 0.978636 	 
1183 	 0.978641 	 
1184 	 0.978647 	 
1185 	 0.978652 	 
1186 	 0.978658 	 
1187 	 0.978663 	 
1188 	 0.978669 	 
1189 	 0.978674 	 
1190 	 0.978679 	 
1191 	 0.978685 	 
1192 	 0.978690 	 
1193 	 0.978696 	 
1194 	 0.978701 	 
1195 	 0.978707 	 
1196 	 0.978712 	 
1197 	 0.978717 	 
1198 	 0.978723 	 
1199 	 0.978728 	 
1200 	 0.978733 	 
1201 	 0.978739 	 
1202 	 0.978744 	 
1203 	 0.978749 	 
1204 	 0.978754 	 
1205 	 0.978760 	 
1206 	 0.978765 	 
1207 	 0.978770 	 
1208 	 0.978775 	 
1209 	 0.978780 	 
1210 	 0.978785 	 
1211 	 0.978790 	 
1212 	 0.978796 	 
1213 	 0.978801 	 
1214 	 0.978806 	 
1215 	 0.978811 	 
1216 	 0.978816 	 
1217 	 0.978821 	 
1218 	 0.978826 	 
1219 	 0.978831 	 
1220 	 0.978836 	 
1221 	 0.978841 	 
1222 	 0.978846 	 
1223 	 0.978851 	 
1224 	 0.978856 	 
1225 	 0.978861 	 
1226 	 0.978866 	 
1227 	 0.978871 	 
1228 	 0.978876 	 
1229 	 0.978881 	 
1230 	 0.978886 	 
1231 	 0.978891 	 
1232 	 0.978896 	 
1233 	 0.978901 	 
1234 	 0.978906 	 
1235 	 0.978911 	 
1236 	 0.978916 	 
1237 	 0.978921 	 
1238 	 0.978926 	 
1239 	 0.978930 	 
1240 	 0.978935 	 
1241 	 0.978940 	 
1242 	 0.978945 	 
1243 	 0.978950 	 
1244 	 0.978955 	 
1245 	 0.978960 	 
1246 	 0.978964 	 
1247 	 0.978969 	 
1248 	 0.978974 	 
1249 	 0.978979 	 
1250 	 0.978983 	 
1251 	 0.978988 	 
1252 	 0.978993 	 
1253 	 0.978997 	 
1254 	 0.979002 	 
1255 	 0.979007 	 
1256 	 0.979011 	 
1257 	 0.979016 	 
1258 	 0.979020 	 
1259 	 0.979025 	 
1260 	 0.979029 	 
1261 	 0.979034 	 
1262 	 0.979038 	 
1263 	 0.979043 	 
1264 	 0.979048 	 
1265 	 0.979052 	 
1266 	 0.979057 	 
1267 	 0.979061 	 
1268 	 0.979066 	 
1269 	 0.979071 	 
1270 	 0.979075 	 
1271 	 0.979080 	 
1272 	 0.979084 	 
1273 	 0.979089 	 
1274 	 0.979093 	 
1275 	 0.979098 	 
1276 	 0.979102 	 
1277 	 0.979107 	 
1278 	 0.979111 	 
1279 	 0.979116 	 
1280 	 0.979120 	 
1281 	 0.979124 	 
1282 	 0.979129 	 
1283 	 0.979133 	 
1284 	 0.979137 	 
1285 	 0.979141 	 
1286 	 0.979146 	 
1287 	 0.979150 	 
1288 	 0.979154 	 
1289 	 0.979159 	 
1290 	 0.979163 	 
1291 	 0.979167 	 
1292 	 0.979171 	 
1293 	 0.979176 	 
1294 	 0.979180 	 
1295 	 0.979184 	 
1296 	 0.979189 	 
1297 	 0.979193 	 
1298 	 0.979197 	 
1299 	 0.979201 	 
1300 	 0.979206 	 
1301 	 0.979210 	 
1302 	 0.979214 	 
1303 	 0.979218 	 
1304 	 0.979223 	 
1305 	 0.979227 	 
1306 	 0.979231 	 
1307 	 0.979235 	 
1308 	 0.979239 	 
1309 	 0.979243 	 
1310 	 0.979247 	 
1311 	 0.979251 	 
1312 	 0.979255 	 
1313 	 0.979259 	 
1314 	 0.979263 	 
1315 	 0.979267 	 
1316 	 0.979271 	 
1317 	 0.979275 	 
1318 	 0.979279 	 
1319 	 0.979283 	 
1320 	 0.979287 	 
1321 	 0.979291 	 
1322 	 0.979295 	 
1323 	 0.979299 	 
1324 	 0.979303 	 
1325 	 0.979307 	 
1326 	 0.979311 	 
1327 	 0.979315 	 
1328 	 0.979318 	 
1329 	 0.979322 	 
1330 	 0.979326 	 
1331 	 0.979330 	 
1332 	 0.979334 	 
1333 	 0.979338 	 
1334 	 0.979342 	 
1335 	 0.979346 	 
1336 	 0.979349 	 
1337 	 0.979353 	 
1338 	 0.979357 	 
1339 	 0.979361 	 
1340 	 0.979364 	 
1341 	 0.979368 	 
1342 	 0.979372 	 
1343 	 0.979375 	 
1344 	 0.979379 	 
1345 	 0.979383 	 
1346 	 0.979386 	 
1347 	 0.979390 	 
1348 	 0.979393 	 
1349 	 0.979397 	 
1350 	 0.979401 	 
1351 	 0.979404 	 
1352 	 0.979408 	 
1353 	 0.979411 	 
1354 	 0.979415 	 
1355 	 0.979418 	 
1356 	 0.979422 	 
1357 	 0.979426 	 
1358 	 0.979429 	 
1359 	 0.979433 	 
1360 	 0.979436 	 
1361 	 0.979440 	 
1362 	 0.979443 	 
1363 	 0.979447 	 
1364 	 0.979451 	 
1365 	 0.979454 	 
1366 	 0.979458 	 
1367 	 0.979461 	 
1368 	 0.979464 	 
1369 	 0.979468 	 
1370 	 0.979471 	 
1371 	 0.979475 	 
1372 	 0.979478 	 
1373 	 0.979481 	 
1374 	 0.979485 	 
1375 	 0.979488 	 
1376 	 0.979491 	 
1377 	 0.979494 	 
1378 	 0.979498 	 
1379 	 0.979501 	 
1380 	 0.979504 	 
1381 	 0.979508 	 
1382 	 0.979511 	 
1383 	 0.979514 	 
1384 	 0.979517 	 
1385 	 0.979521 	 
1386 	 0.979524 	 
1387 	 0.979527 	 
1388 	 0.979531 	 
1389 	 0.979534 	 
1390 	 0.979537 	 
1391 	 0.979541 	 
1392 	 0.979544 	 
1393 	 0.979547 	 
1394 	 0.979550 	 
1395 	 0.979553 	 
1396 	 0.979557 	 
1397 	 0.979560 	 
1398 	 0.979563 	 
1399 	 0.979566 	 
1400 	 0.979569 	 
1401 	 0.979572 	 
1402 	 0.979575 	 
1403 	 0.979578 	 
1404 	 0.979581 	 
1405 	 0.979584 	 
1406 	 0.979587 	 
1407 	 0.979590 	 
1408 	 0.979593 	 
1409 	 0.979596 	 
1410 	 0.979599 	 
1411 	 0.979602 	 
1412 	 0.979605 	 
1413 	 0.979608 	 
1414 	 0.979611 	 
1415 	 0.979614 	 
1416 	 0.979617 	 
1417 	 0.979620 	 
1418 	 0.979622 	 
1419 	 0.979625 	 
1420 	 0.979628 	 
1421 	 0.979631 	 
1422 	 0.979634 	 
1423 	 0.979637 	 
1424 	 0.979640 	 
1425 	 0.979642 	 
1426 	 0.979645 	 
1427 	 0.979648 	 
1428 	 0.979651 	 
1429 	 0.979654 	 
1430 	 0.979656 	 
1431 	 0.979659 	 
1432 	 0.979662 	 
1433 	 0.979664 	 
1434 	 0.979667 	 
1435 	 0.979670 	 
1436 	 0.979673 	 
1437 	 0.979675 	 
1438 	 0.979678 	 
1439 	 0.979681 	 
1440 	 0.979684 	 
1441 	 0.979686 	 
1442 	 0.979689 	 
1443 	 0.979691 	 
1444 	 0.979694 	 
1445 	 0.979697 	 
1446 	 0.979699 	 
1447 	 0.979702 	 
1448 	 0.979704 	 
1449 	 0.979707 	 
1450 	 0.979709 	 
1451 	 0.979712 	 
1452 	 0.979714 	 
1453 	 0.979717 	 
1454 	 0.979719 	 
1455 	 0.979721 	 
1456 	 0.979724 	 
1457 	 0.979726 	 
1458 	 0.979729 	 
1459 	 0.979731 	 
1460 	 0.979734 	 
1461 	 0.979736 	 
1462 	 0.979738 	 
1463 	 0.979741 	 
1464 	 0.979743 	 
1465 	 0.979746 	 
1466 	 0.979748 	 
1467 	 0.979751 	 
1468 	 0.979753 	 
1469 	 0.979755 	 
1470 	 0.979758 	 
1471 	 0.979760 	 
1472 	 0.979762 	 
1473 	 0.979765 	 
1474 	 0.979767 	 
1475 	 0.979769 	 
1476 	 0.979772 	 
1477 	 0.979774 	 
1478 	 0.979776 	 
1479 	 0.979778 	 
1480 	 0.979780 	 
1481 	 0.979782 	 
1482 	 0.979784 	 
1483 	 0.979787 	 
1484 	 0.979789 	 
1485 	 0.979791 	 
1486 	 0.979793 	 
1487 	 0.979795 	 
1488 	 0.979797 	 
1489 	 0.979800 	 
1490 	 0.979802 	 
1491 	 0.979804 	 
1492 	 0.979806 	 
1493 	 0.979808 	 
1494 	 0.979810 	 
1495 	 0.979812 	 
1496 	 0.979814 	 
1497 	 0.979816 	 
1498 	 0.979818 	 
1499 	 0.979820 	 
1500 	 0.979822 	 
1501 	 0.979824 	 
1502 	 0.979826 	 
1503 	 0.979828 	 
1504 	 0.979830 	 
1505 	 0.979832 	 
1506 	 0.979834 	 
1507 	 0.979835 	 
1508 	 0.979837 	 
1509 	 0.979839 	 
1510 	 0.979841 	 
1511 	 0.979843 	 
1512 	 0.979845 	 
1513 	 0.979847 	 
1514 	 0.979848 	 
1515 	 0.979850 	 
1516 	 0.979852 	 
1517 	 0.979854 	 
1518 	 0.979856 	 
1519 	 0.979858 	 
1520 	 0.979859 	 
1521 	 0.979861 	 
1522 	 0.979863 	 
1523 	 0.979864 	 
1524 	 0.979866 	 
1525 	 0.979868 	 
1526 	 0.979870 	 
1527 	 0.979871 	 
1528 	 0.979873 	 
1529 	 0.979875 	 
1530 	 0.979877 	 
1531 	 0.979878 	 
1532 	 0.979880 	 
1533 	 0.979882 	 
1534 	 0.979883 	 
1535 	 0.979885 	 
1536 	 0.979886 	 
1537 	 0.979888 	 
1538 	 0.979890 	 
1539 	 0.979891 	 
1540 	 0.979893 	 
1541 	 0.979894 	 
1542 	 0.979895 	 
1543 	 0.979897 	 
1544 	 0.979898 	 
1545 	 0.979900 	 
1546 	 0.979901 	 
1547 	 0.979903 	 
1548 	 0.979904 	 
1549 	 0.979905 	 
1550 	 0.979907 	 
1551 	 0.979908 	 
1552 	 0.979910 	 
1553 	 0.979911 	 
1554 	 0.979913 	 
1555 	 0.979914 	 
1556 	 0.979915 	 
1557 	 0.979917 	 
1558 	 0.979918 	 
1559 	 0.979920 	 
1560 	 0.979921 	 
1561 	 0.979922 	 
1562 	 0.979924 	 
1563 	 0.979925 	 
1564 	 0.979926 	 
1565 	 0.979928 	 
1566 	 0.979929 	 
1567 	 0.979930 	 
1568 	 0.979931 	 
1569 	 0.979933 	 
1570 	 0.979934 	 
1571 	 0.979935 	 
1572 	 0.979936 	 
1573 	 0.979937 	 
1574 	 0.979938 	 
1575 	 0.979939 	 
1576 	 0.979941 	 
1577 	 0.979942 	 
1578 	 0.979943 	 
1579 	 0.979944 	 
1580 	 0.979945 	 
1581 	 0.979946 	 
1582 	 0.979947 	 
1583 	 0.979948 	 
1584 	 0.979949 	 
1585 	 0.979950 	 
1586 	 0.979951 	 
1587 	 0.979952 	 
1588 	 0.979953 	 
1589 	 0.979954 	 
1590 	 0.979955 	 
1591 	 0.979956 	 
1592 	 0.979957 	 
1593 	 0.979958 	 
1594 	 0.979959 	 
1595 	 0.979960 	 
1596 	 0.979961 	 
1597 	 0.979962 	 
1598 	 0.979963 	 
1599 	 0.979964 	 
1600 	 0.979965 	 
1601 	 0.979966 	 
1602 	 0.979966 	 
1603 	 0.979967 	 
1604 	 0.979968 	 
1605 	 0.979969 	 
1606 	 0.979970 	 
1607 	 0.979971 	 
1608 	 0.979972 	 
1609 	 0.979972 	 
1610 	 0.979973 	 
1611 	 0.979974 	 
1612 	 0.979975 	 
1613 	 0.979975 	 
1614 	 0.979976 	 
1615 	 0.979977 	 
1616 	 0.979978 	 
1617 	 0.979978 	 
1618 	 0.979979 	 
1619 	 0.979980 	 
1620 	 0.979980 	 
1621 	 0.979981 	 
1622 	 0.979982 	 
1623 	 0.979983 	 
1624 	 0.979983 	 
1625 	 0.979984 	 
1626 	 0.979984 	 
1627 	 0.979985 	 
1628 	 0.979986 	 
1629 	 0.979986 	 
1630 	 0.979987 	 
1631 	 0.979987 	 
1632 	 0.979988 	 
1633 	 0.979988 	 
1634 	 0.979989 	 
1635 	 0.979989 	 
1636 	 0.979989 	 
1637 	 0.979990 	 
1638 	 0.979990 	 
1639 	 0.979991 	 
1640 	 0.979991 	 
1641 	 0.979991 	 
1642 	 0.979992 	 
1643 	 0.979992 	 
1644 	 0.979993 	 
1645 	 0.979993 	 
1646 	 0.979994 	 
1647 	 0.979994 	 
1648 	 0.979995 	 
1649 	 0.979995 	 
1650 	 0.979995 	 
1651 	 0.979996 	 
1652 	 0.979996 	 
1653 	 0.979996 	 
1654 	 0.979997 	 
1655 	 0.979997 	 
1656 	 0.979997 	 
1657 	 0.979998 	 
1658 	 0.979998 	 
1659 	 0.979998 	 
1660 	 0.979998 	 
1661 	 0.979998 	 
1662 	 0.979999 	 
1663 	 0.979999 	 
1664 	 0.979999 	 
1665 	 0.979999 	 
1666 	 0.979999 	 
1667 	 0.979999 	 
1668 	 0.979999 	 
1669 	 0.980000 	 
1670 	 0.980000 	 
1671 	 0.980000 	 
1672 	 0.980000 	 
1673 	 0.980000 	 
1674 	 0.980000 	 
1675 	 0.980000 	 
1676 	 0.980000 	 
1677 	 0.980000 	 
1678 	 0.980000 	 
1679 	 0.980000 	 
1680 	 0.980000 	 
1681 	 0.980000 	 
1682 	 0.980000 	 
1683 	 0.980000 	 
1684 	 0.980000 	 
1685 	 0.980000 	 
1686 	 0.980000 	 
1687 	 0.980000 	 
1688 	 0.980000 	 
1689 	 0.980000 	 
1690 	 0.980000 	 
1691 	 0.980000 	 
1692 	 0.980000 	 
1693 	 0.980000 	 
1694 	 0.980000 	 
1695 	 0.980000 	 
1696 	 0.980000 	 
1697 	 0.980000 	 
1698 	 0.980000 	 
1699 	 0.980000 	 
1700 	 0.980000 	 
1701 	 0.980000 	 
1702 	 0.980000 	 
1703 	 0.980000 	 
1704 	 0.980000 	 
1705 	 0.980000 	 
1706 	 0.980000 	 
1707 	 0.980000 	 
1708 	 0.980000 	 
1709 	 0.980000 	 
1710 	 0.980000 	 
1711 	 0.980000 	 
1712 	 0.980000 	 
1713 	 0.980000 	 
1714 	 0.980000 	 
1715 	 0.980000 	 
1716 	 0.980000 	 
1717 	 0.980000 	 
1718 	 0.980000 	 
1719 	 0.980000 	 
1720 	 0.980000 	 
1721 	 0.980000 	 
1722 	 0.980000 	 
1723 	 0.980000 	 
1724 	 0.980000 	 
1725 	 0.980000 	 
1726 	 0.980000 	 
1727 	 0.980000 	 
1728 	 0.980000 	 
1729 	 0.980000 	 
1730 	 0.980000 	 
1731 	 0.980000 	 
1732 	 0.980000 	 
1733 	 0.980000 	 
1734 	 0.980000 	 
1735 	 0.980000 	 
1736 	 0.980000 	 
1737 	 0.980000 	 
1738 	 0.980000 	 
1739 	 0.980000 	 
1740 	 0.980000 	 
1741 	 0.980000 	 
1742 	 0.980000 	 
1743 	 0.980000 	 
1744 	 0.980000 	 
1745 	 0.980000 	 
1746 	 0.980000 	 
1747 	 0.980000 	 
1748 	 0.980000 	 
1749 	 0.980000 	 
1750 	 0.980000 	 
1751 	 0.980000 	 
1752 	 0.980000 	 
1753 	 0.980000 	 
1754 	 0.980000 	 
1755 	 0.980000 	 
1756 	 0.980000 	 
1757 	 0.980000 	 
1758 	 0.980000 	 
1759 	 0.980000 	 
1760 	 0.980000 	 
1761 	 0.980000 	 
1762 	 0.980000 	 
1763 	 0.980000 	 
1764 	 0.980000 	 
1765 	 0.980000 	 
1766 	 0.980000 	 
1767 	 0.980000 	 
1768 	 0.980000 	 
1769 	 0.980000 	 
1770 	 0.980000 	 
1771 	 0.980000 	 
1772 	 0.980000 	 
1773 	 0.980000 	 
1774 	 0.980000 	 
1775 	 0.980000 	 
1776 	 0.980000 	 
1777 	 0.980000 	 
1778 	 0.980000 	 
1779 	 0.980000 	 
1780 	 0.980000 	 
1781 	 0.980000 	 
1782 	 0.980000 	 
1783 	 0.980000 	 
1784 	 0.980000 	 
1785 	 0.980000 	 
1786 	 0.980000 	 
1787 	 0.980000 	 
1788 	 0.980000 	 
1789 	 0.980000 	 
1790 	 0.980000 	 
1791 	 0.980000 	 
1792 	 0.980000 	 
1793 	 0.980000 	 
1794 	 0.980000 	 
1795 	 0.980000 	 
1796 	 0.980000 	 
1797 	 0.980000 	 
1798 	 0.980000 	 
1799 	 0.980000 	 
1800 	 0.980000 	 
1801 	 0.980000 	 
1802 	 0.980000 	 
1803 	 0.980000 	 
1804 	 0.980000 	 
1805 	 0.980000 	 
1806 	 0.980000 	 
1807 	 0.980000 	 
1808 	 0.980000 	 
1809 	 0.980000 	 
1810 	 0.980000 	 
1811 	 0.980000 	 
1812 	 0.980000 	 
1813 	 0.980000 	 
1814 	 0.980000 	 
1815 	 0.980000 	 
1816 	 0.980000 	 
1817 	 0.980000 	 
1818 	 0.980000 	 
1819 	 0.980000 	 
1820 	 0.980000 	 
1821 	 0.980000 	 
1822 	 0.980000 	 
1823 	 0.980000 	 
1824 	 0.980000 	 
1825 	 0.980000 	 
1826 	 0.980000 	 
1827 	 0.980000 	 
1828 	 0.980000 	 
1829 	 0.980000 	 
1830 	 0.980000 	 
1831 	 0.980000 	 
1832 	 0.980000 	 
1833 	 0.980000 	 
1834 	 0.980000 	 
1835 	 0.980000 	 
1836 	 0.980000 	 
1837 	 0.980000 	 
1838 	 0.980000 	 
1839 	 0.980000 	 
1840 	 0.980000 	 
1841 	 0.980000 	 
1842 	 0.980000 	 
1843 	 0.980000 	 
1844 	 0.980000 	 
1845 	 0.980000 	 
1846 	 0.980000 	 
1847 	 0.980000 	 
1848 	 0.980000 	 
1849 	 0.980000 	 
1850 	 0.980000 	 
1851 	 0.980000 	 
1852 	 0.980000 	 
1853 	 0.980000 	 
1854 	 0.980000 	 
1855 	 0.980000 	 
1856 	 0.980000 	 
1857 	 0.980000 	 
1858 	 0.980000 	 
1859 	 0.980000 	 
1860 	 0.980000 	 
1861 	 0.980000 	 
1862 	 0.980000 	 
1863 	 0.980000 	 
1864 	 0.980000 	 
1865 	 0.980000 	 
1866 	 0.980000 	 
1867 	 0.980000 	 
1868 	 0.980000 	 
1869 	 0.980000 	 
1870 	 0.980000 	 
1871 	 0.980000 	 
1872 	 0.980000 	 
1873 	 0.980000 	 
1874 	 0.980000 	 
1875 	 0.980000 	 
1876 	 0.980000 	 
1877 	 0.980000 	 
1878 	 0.980000 	 
1879 	 0.980000 	 
1880 	 0.980000 	 
1881 	 0.980000 	 
1882 	 0.980000 	 
1883 	 0.980000 	 
1884 	 0.980000 	 
1885 	 0.980000 	 
1886 	 0.980000 	 
1887 	 0.980000 	 
1888 	 0.980000 	 
1889 	 0.980000 	 
1890 	 0.980000 	 
1891 	 0.980000 	 
1892 	 0.980000 	 
1893 	 0.980000 	 
1894 	 0.980000 	 
1895 	 0.980000 	 
1896 	 0.980000 	 
1897 	 0.980000 	 
1898 	 0.980000 	 
1899 	 0.980000 	 
1900 	 0.980000 	 
1901 	 0.980000 	 
1902 	 0.980000 	 
1903 	 0.980000 	 
1904 	 0.980000 	 
1905 	 0.980000 	 
1906 	 0.980000 	 
1907 	 0.980000 	 
1908 	 0.980000 	 
1909 	 0.980000 	 
1910 	 0.980000 	 
1911 	 0.980000 	 
1912 	 0.980000 	 
1913 	 0.980000 	 
1914 	 0.980000 	 
1915 	 0.980000 	 
1916 	 0.980000 	 
1917 	 0.980000 	 
1918 	 0.980000 	 
1919 	 0.980000 	 
1920 	 0.980000 	 
1921 	 0.980000 	 
1922 	 0.980000 	 
1923 	 0.980000 	 
1924 	 0.980000 	 
1925 	 0.980000 	 
1926 	 0.980000 	 
1927 	 0.980000 	 
1928 	 0.980000 	 
1929 	 0.980000 	 
1930 	 0.980000 	 
1931 	 0.980000 	 
1932 	 0.980000 	 
1933 	 0.980000 	 
1934 	 0.980000 	 
1935 	 0.980000 	 
1936 	 0.980000 	 
1937 	 0.980000 	 
1938 	 0.980000 	 
1939 	 0.980000 	 
1940 	 0.980000 	 
1941 	 0.980000 	 
1942 	 0.980000 	 
1943 	 0.980000 	 
1944 	 0.980000 	 
1945 	 0.980000 	 
1946 	 0.980000 	 
1947 	 0.980000 	 
1948 	 0.980000 	 
1949 	 0.980000 	 
1950 	 0.980000 	 
1951 	 0.980000 	 
1952 	 0.980000 	 
1953 	 0.980000 	 
1954 	 0.980000 	 
1955 	 0.980000 	 
1956 	 0.980000 	 
1957 	 0.980000 	 
1958 	 0.980000 	 
1959 	 0.980000 	 
1960 	 0.980000 	 
1961 	 0.980000 	 
1962 	 0.980000 	 
1963 	 0.980000 	 
1964 	 0.980000 	 
1965 	 0.980000 	 
1966 	 0.980000 	 
1967 	 0.980000 	 
1968 	 0.980000 	 
1969 	 0.980000 	 
1970 	 0.980000 	 
1971 	 0.980000 	 
1972 	 0.980000 	 
1973 	 0.980000 	 
1974 	 0.980000 	 
1975 	 0.980000 	 
1976 	 0.980000 	 
1977 	 0.980000 	 
1978 	 0.980000 	 
1979 	 0.980000 	 
1980 	 0.980000 	 
1981 	 0.980000 	 
1982 	 0.980000 	 
1983 	 0.980000 	 
1984 	 0.980000 	 
1985 	 0.980000 	 
1986 	 0.980000 	 
1987 	 0.980000 	 
1988 	 0.980000 	 
1989 	 0.980000 	 
1990 	 0.980000 	 
1991 	 0.980000 	 
1992 	 0.980000 	 
1993 	 0.980000 	 
1994 	 0.980000 	 
1995 	 0.980000 	 
1996 	 0.980000 	 
1997 	 0.980000 	 
1998 	 0.980000 	 
1999 	 0.980000 	 
2000 	 0.980000 	 
2001 	 0.980000 	 
2002 	 0.980000 	 
2003 	 0.980000 	 
2004 	 0.980000 	 
2005 	 0.980000 	 
2006 	 0.980000 	 
2007 	 0.980000 	 
2008 	 0.980000 	 
2009 	 0.980000 	 
2010 	 0.980000 	 
2011 	 0.980000 	 
2012 	 0.980000 	 
2013 	 0.980000 	 
2014 	 0.980000 	 
2015 	 0.980000 	 
2016 	 0.980000 	 
2017 	 0.980000 	 
2018 	 0.980000 	 
2019 	 0.980000 	 
2020 	 0.980000 	 
2021 	 0.980000 	 
2022 	 0.980000 	 
2023 	 0.980000 	 
2024 	 0.980000 	 
2025 	 0.980000 	 
2026 	 0.980000 	 
2027 	 0.980000 	 
2028 	 0.980000 	 
2029 	 0.980000 	 
2030 	 0.980000 	 
2031 	 0.980000 	 
2032 	 0.980000 	 
2033 	 0.980000 	 
2034 	 0.980000 	 
2035 	 0.980000 	 
2036 	 0.980000 	 
2037 	 0.980000 	 
2038 	 0.980000 	 
2039 	 0.980000 	 
2040 	 0.980000 	 
2041 	 0.980000 	 
2042 	 0.980000 	 
2043 	 0.980000 	 
2044 	 0.980000 	 
2045 	 0.980000 	 
2046 	 0.980000 	 
2047 	 0.980000 	 
2048 	 0.980000 	 
2049 	 0.980000 	 
2050 	 0.980000 	 
2051 	 0.980000 	 
2052 	 0.980000 	 
2053 	 0.980000 	 
2054 	 0.980000 	 
2055 	 0.980000 	 
2056 	 0.980000 	 
2057 	 0.980000 	 
2058 	 0.980000 	 
2059 	 0.980000 	 
2060 	 0.980000 	 
2061 	 0.980000 	 
2062 	 0.980000 	 
2063 	 0.980000 	 
2064 	 0.980000 	 
2065 	 0.980000 	 
2066 	 0.980000 	 
2067 	 0.980000 	 
2068 	 0.980000 	 
2069 	 0.980000 	 
2070 	 0.980000 	 
2071 	 0.980000 	 
2072 	 0.980000 	 
2073 	 0.980000 	 
2074 	 0.980000 	 
2075 	 0.980000 	 
2076 	 0.980000 	 
2077 	 0.980000 	 
2078 	 0.980000 	 
2079 	 0.980000 	 
2080 	 0.980000 	 
2081 	 0.980000 	 
2082 	 0.980000 	 
2083 	 0.980000 	 
2084 	 0.980000 	 
2085 	 0.980000 	 
2086 	 0.980000 	 
2087 	 0.980000 	 
2088 	 0.980000 	 
2089 	 0.980000 	 
2090 	 0.980000 	 
2091 	 0.980000 	 
2092 	 0.980000 	 
2093 	 0.980000 	 
2094 	 0.980000 	 
2095 	 0.980000 	 
2096 	 0.980000 	 
2097 	 0.980000 	 
2098 	 0.980000 	 
2099 	 0.980000 	 
2100 	 0.980000 	 
2101 	 0.980000 	 
2102 	 0.980000 	 
2103 	 0.980000 	 
2104 	 0.980000 	 
2105 	 0.980000 	 
2106 	 0.980000 	 
2107 	 0.980000 	 
2108 	 0.980000 	 
2109 	 0.980000 	 
2110 	 0.980000 	 
2111 	 0.980000 	 
2112 	 0.980000 	 
2113 	 0.980000 	 
2114 	 0.980000 	 
2115 	 0.980000 	 
2116 	 0.980000 	 
2117 	 0.980000 	 
2118 	 0.980000 	 
2119 	 0.980000 	 
2120 	 0.980000 	 
2121 	 0.980000 	 
2122 	 0.980000 	 
2123 	 0.980000 	 
2124 	 0.980000 	 
2125 	 0.980000 	 
2126 	 0.980000 	 
2127 	 0.980000 	 
2128 	 0.980000 	 
2129 	 0.980000 	 
2130 	 0.980000 	 
2131 	 0.980000 	 
2132 	 0.980000 	 
2133 	 0.980000 	 
2134 	 0.980000 	 
2135 	 0.980000 	 
2136 	 0.980000 	 
2137 	 0.980000 	 
2138 	 0.980000 	 
2139 	 0.980000 	 
2140 	 0.980000 	 
2141 	 0.980000 	 
2142 	 0.980000 	 
2143 	 0.980000 	 
2144 	 0.980000 	 
2145 	 0.980000 	 
2146 	 0.980000 	 
2147 	 0.980000 	 
2148 	 0.980000 	 
2149 	 0.980000 	 
2150 	 0.980000 	 
2151 	 0.980000 	 
2152 	 0.980000 	 
2153 	 0.980000 	 
2154 	 0.980000 	 
2155 	 0.980000 	 
2156 	 0.980000 	 
2157 	 0.980000 	 
2158 	 0.980000 	 
2159 	 0.980000 	 
2160 	 0.980000 	 
2161 	 0.980000 	 
2162 	 0.980000 	 
2163 	 0.980000 	 
2164 	 0.980000 	 
2165 	 0.980000 	 
2166 	 0.980000 	 
2167 	 0.980000 	 
2168 	 0.980000 	 
2169 	 0.980000 	 
2170 	 0.980000 	 
2171 	 0.980000 	 
2172 	 0.980000 	 
2173 	 0.980000 	 
2174 	 0.980000 	 
2175 	 0.980000 	 
2176 	 0.980000 	 
2177 	 0.980000 	 
2178 	 0.980000 	 
2179 	 0.980000 	 
2180 	 0.980000 	 
2181 	 0.980000 	 
2182 	 0.980000 	 
2183 	 0.980000 	 
2184 	 0.980000 	 
2185 	 0.980000 	 
2186 	 0.980000 	 
2187 	 0.980000 	 
2188 	 0.980000 	 
2189 	 0.980000 	 
2190 	 0.980000 	 
2191 	 0.980000 	 
2192 	 0.980000 	 
2193 	 0.980000 	 
2194 	 0.980000 	 
2195 	 0.980000 	 
2196 	 0.980000 	 
2197 	 0.980000 	 
2198 	 0.980000 	 
2199 	 0.980000 	 
2200 	 0.980000 	 
2201 	 0.980000 	 
2202 	 0.980000 	 
2203 	 0.980000 	 
2204 	 0.980000 	 
2205 	 0.980000 	 
2206 	 0.980000 	 
2207 	 0.980000 	 
2208 	 0.980000 	 
2209 	 0.980000 	 
2210 	 0.980000 	 
2211 	 0.980000 	 
2212 	 0.980000 	 
2213 	 0.980000 	 
2214 	 0.980000 	 
2215 	 0.980000 	 
2216 	 0.980000 	 
2217 	 0.980000 	 
2218 	 0.980000 	 
2219 	 0.980000 	 
2220 	 0.980000 	 
2221 	 0.980000 	 
2222 	 0.980000 	 
2223 	 0.980000 	 
2224 	 0.980000 	 
2225 	 0.980000 	 
2226 	 0.980000 	 
2227 	 0.980000 	 
2228 	 0.980000 	 
2229 	 0.980000 	 
2230 	 0.980000 	 
2231 	 0.980000 	 
2232 	 0.980000 	 
2233 	 0.980000 	 
2234 	 0.980000 	 
2235 	 0.980000 	 
2236 	 0.980000 	 
2237 	 0.980000 	 
2238 	 0.980000 	 
2239 	 0.980000 	 
2240 	 0.980000 	 
2241 	 0.980000 	 
2242 	 0.980000 	 
2243 	 0.980000 	 
2244 	 0.980000 	 
2245 	 0.980000 	 
2246 	 0.980000 	 
2247 	 0.980000 	 
2248 	 0.980000 	 
2249 	 0.980000 	 
2250 	 0.980000 	 
2251 	 0.980000 	 
2252 	 0.980000 	 
2253 	 0.980000 	 
2254 	 0.980000 	 
2255 	 0.980000 	 
2256 	 0.980000 	 
2257 	 0.980000 	 
2258 	 0.980000 	 
2259 	 0.980000 	 
2260 	 0.980000 	 
2261 	 0.980000 	 
2262 	 0.980000 	 
2263 	 0.980000 	 
2264 	 0.980000 	 
2265 	 0.980000 	 
2266 	 0.980000 	 
2267 	 0.980000 	 
2268 	 0.980000 	 
2269 	 0.980000 	 
2270 	 0.980000 	 
2271 	 0.980000 	 
2272 	 0.980000 	 
2273 	 0.980000 	 
2274 	 0.980000 	 
2275 	 0.980000 	 
2276 	 0.980000 	 
2277 	 0.980000 	 
2278 	 0.980000 	 
2279 	 0.980000 	 
2280 	 0.980000 	 
2281 	 0.980000 	 
2282 	 0.980000 	 
2283 	 0.980000 	 
2284 	 0.980000 	 
2285 	 0.980000 	 
2286 	 0.980000 	 
2287 	 0.980000 	 
2288 	 0.980000 	 
2289 	 0.980000 	 
2290 	 0.980000 	 
2291 	 0.980000 	 
2292 	 0.980000 	 
2293 	 0.980000 	 
2294 	 0.980000 	 
2295 	 0.980000 	 
2296 	 0.980000 	 
2297 	 0.980000 	 
2298 	 0.980000 	 
2299 	 0.980000 	 
2300 	 0.980000 	 
2301 	 0.980000 	 
2302 	 0.980000 	 
2303 	 0.980000 	 
2304 	 0.980000 	 
2305 	 0.980000 	 
2306 	 0.980000 	 
2307 	 0.980000 	 
2308 	 0.980000 	 
2309 	 0.980000 	 
2310 	 0.980000 	 
2311 	 0.980000 	 
2312 	 0.980000 	 
2313 	 0.980000 	 
2314 	 0.980000 	 
2315 	 0.980000 	 
2316 	 0.980000 	 
2317 	 0.980000 	 
2318 	 0.980000 	 
2319 	 0.980000 	 
2320 	 0.980000 	 
2321 	 0.980000 	 
2322 	 0.980000 	 
2323 	 0.980000 	 
2324 	 0.980000 	 
2325 	 0.980000 	 
2326 	 0.980000 	 
2327 	 0.980000 	 
2328 	 0.980000 	 
2329 	 0.980000 	 
2330 	 0.980000 	 
2331 	 0.980000 	 
2332 	 0.980000 	 
2333 	 0.980000 	 
2334 	 0.980000 	 
2335 	 0.980000 	 
2336 	 0.980000 	 
2337 	 0.980000 	 
2338 	 0.980000 	 
2339 	 0.980000 	 
2340 	 0.980000 	 
2341 	 0.980000 	 
2342 	 0.980000 	 
2343 	 0.980000 	 
2344 	 0.980000 	 
2345 	 0.980000 	 
2346 	 0.980000 	 
2347 	 0.980000 	 
2348 	 0.980000 	 
2349 	 0.980000 	 
2350 	 0.980000 	 
2351 	 0.980000 	 
2352 	 0.980000 	 
2353 	 0.980000 	 
2354 	 0.980000 	 
2355 	 0.980000 	 
2356 	 0.980000 	 
2357 	 0.980000 	 
2358 	 0.980000 	 
2359 	 0.980000 	 
2360 	 0.980000 	 
2361 	 0.980000 	 
2362 	 0.980000 	 
2363 	 0.980000 	 
2364 	 0.980000 	 
2365 	 0.980000 	 
2366 	 0.980000 	 
2367 	 0.980000 	 
2368 	 0.980000 	 
2369 	 0.980000 	 
2370 	 0.980000 	 
2371 	 0.980000 	 
2372 	 0.980000 	 
2373 	 0.980000 	 
2374 	 0.980000 	 
2375 	 0.980000 	 
2376 	 0.980000 	 
2377 	 0.980000 	 
2378 	 0.980000 	 
2379 	 0.980000 	 
2380 	 0.980000 	 
2381 	 0.980000 	 
2382 	 0.980000 	 
2383 	 0.980000 	 
2384 	 0.980000 	 
2385 	 0.980000 	 
2386 	 0.980000 	 
2387 	 0.980000 	 
2388 	 0.980000 	 
2389 	 0.980000 	 
2390 	 0.980000 	 
2391 	 0.980000 	 
2392 	 0.980000 	 
2393 	 0.980000 	 
2394 	 0.980000 	 
2395 	 0.980000 	 
2396 	 0.980000 	 
2397 	 0.980000 	 
2398 	 0.980000 	 
2399 	 0.980000 	 
2400 	 0.980000 	 
2401 	 0.980000 	 
2402 	 0.980000 	 
2403 	 0.980000 	 
2404 	 0.980000 	 
2405 	 0.980000 	 
2406 	 0.980000 	 
2407 	 0.980000 	 
2408 	 0.980000 	 
2409 	 0.980000 	 
2410 	 0.980000 	 
2411 	 0.980000 	 
2412 	 0.980000 	 
2413 	 0.980000 	 
2414 	 0.980000 	 
2415 	 0.980000 	 
2416 	 0.980000 	 
2417 	 0.980000 	 
2418 	 0.980000 	 
2419 	 0.980000 	 
2420 	 0.980000 	 
2421 	 0.980000 	 
2422 	 0.980000 	 
2423 	 0.980000 	 
2424 	 0.980000 	 
2425 	 0.980000 	 
2426 	 0.980000 	 
2427 	 0.980000 	 
2428 	 0.980000 	 
2429 	 0.980000 	 
2430 	 0.980000 	 
2431 	 0.980000 	 
2432 	 0.980000 	 
2433 	 0.980000 	 
2434 	 0.980000 	 
2435 	 0.980000 	 
2436 	 0.980000 	 
2437 	 0.980000 	 
2438 	 0.980000 	 
2439 	 0.980000 	 
2440 	 0.980000 	 
2441 	 0.980000 	 
2442 	 0.980000 	 
2443 	 0.980000 	 
2444 	 0.980000 	 
2445 	 0.980000 	 
2446 	 0.980000 	 
2447 	 0.980000 	 
2448 	 0.980000 	 
2449 	 0.980000 	 
2450 	 0.980000 	 
2451 	 0.980000 	 
2452 	 0.980000 	 
2453 	 0.980000 	 
2454 	 0.980000 	 
2455 	 0.980000 	 
2456 	 0.980000 	 
2457 	 0.980000 	 
2458 	 0.980000 	 
2459 	 0.980000 	 
2460 	 0.980000 	 
2461 	 0.980000 	 
2462 	 0.980000 	 
2463 	 0.980000 	 
2464 	 0.980000 	 
2465 	 0.980000 	 
2466 	 0.980000 	 
2467 	 0.980000 	 
2468 	 0.980000 	 
2469 	 0.980000 	 
2470 	 0.980000 	 
2471 	 0.980000 	 
2472 	 0.980000 	 
2473 	 0.980000 	 
2474 	 0.980000 	 
2475 	 0.980000 	 
2476 	 0.980000 	 
2477 	 0.980000 	 
2478 	 0.980000 	 
2479 	 0.980000 	 
2480 	 0.980000 	 
2481 	 0.980000 	 
2482 	 0.980000 	 
2483 	 0.980000 	 
2484 	 0.980000 	 
2485 	 0.980000 	 
2486 	 0.980000 	 
2487 	 0.980000 	 
2488 	 0.980000 	 
2489 	 0.980000 	 
2490 	 0.980000 	 
2491 	 0.980000 	 
2492 	 0.980000 	 
2493 	 0.980000 	 
2494 	 0.980000 	 
2495 	 0.980000 	 
2496 	 0.980000 	 
2497 	 0.980000 	 
2498 	 0.980000 	 
2499 	 0.980000 	 
2500 	 0.980000 	 
2501 	 0.980000 	 
2502 	 0.980000 	 
2503 	 0.980000 	 
2504 	 0.980000 	 
2505 	 0.980000 	 
2506 	 0.980000 	 
2507 	 0.980000 	 
2508 	 0.980000 	 
2509 	 0.980000 	 
2510 	 0.980000 	 
2511 	 0.980000 	 
2512 	 0.980000 	 
2513 	 0.980000 	 
2514 	 0.980000 	 
2515 	 0.980000 	 
2516 	 0.980000 	 
2517 	 0.980000 	 
2518 	 0.980000 	 
2519 	 0.980000 	 
2520 	 0.980000 	 
2521 	 0.980000 	 
2522 	 0.980000 	 
2523 	 0.980000 	 
2524 	 0.980000 	 
2525 	 0.980000 	 
2526 	 0.980000 	 
2527 	 0.980000 	 
2528 	 0.980000 	 
2529 	 0.980000 	 
2530 	 0.980000 	 
2531 	 0.980000 	 
2532 	 0.980000 	 
2533 	 0.980000 	 
2534 	 0.980000 	 
2535 	 0.980000 	 
2536 	 0.980000 	 
2537 	 0.980000 	 
2538 	 0.980000 	 
2539 	 0.980000 	 
2540 	 0.980000 	 
2541 	 0.980000 	 
2542 	 0.980000 	 
2543 	 0.980000 	 
2544 	 0.980000 	 
2545 	 0.980000 	 
2546 	 0.980000 	 
2547 	 0.980000 	 
2548 	 0.980000 	 
2549 	 0.980000 	 
2550 	 0.980000 	 
2551 	 0.980000 	 
2552 	 0.980000 	 
2553 	 0.980000 	 
2554 	 0.980000 	 
2555 	 0.980000 	 
2556 	 0.980000 	 
2557 	 0.980000 	 
2558 	 0.980000 	 
2559 	 0.980000 	 
2560 	 0.980000 	 
2561 	 0.980000 	 
2562 	 0.980000 	 
2563 	 0.980000 	 
2564 	 0.980000 	 
2565 	 0.980000 	 
2566 	 0.980000 	 
2567 	 0.980000 	 
2568 	 0.980000 	 
2569 	 0.980000 	 
2570 	 0.980000 	 
2571 	 0.980000 	 
2572 	 0.980000 	 
2573 	 0.980000 	 
2574 	 0.980000 	 
2575 	 0.980000 	 
2576 	 0.980000 	 
2577 	 0.980000 	 
2578 	 0.980000 	 
2579 	 0.980000 	 
2580 	 0.980000 	 
2581 	 0.980000 	 
2582 	 0.980000 	 
2583 	 0.980000 	 
2584 	 0.980000 	 
2585 	 0.980000 	 
2586 	 0.980000 	 
2587 	 0.980000 	 
2588 	 0.980000 	 
2589 	 0.980000 	 
2590 	 0.980000 	 
2591 	 0.980000 	 
2592 	 0.980000 	 
2593 	 0.980000 	 
2594 	 0.980000 	 
2595 	 0.980000 	 
2596 	 0.980000 	 
2597 	 0.980000 	 
2598 	 0.980000 	 
2599 	 0.980000 	 
2600 	 0.980000 	 
2601 	 0.980000 	 
2602 	 0.980000 	 
2603 	 0.980000 	 
2604 	 0.980000 	 
2605 	 0.980000 	 
2606 	 0.980000 	 
2607 	 0.980000 	 
2608 	 0.980000 	 
2609 	 0.980000 	 
2610 	 0.980000 	 
2611 	 0.980000 	 
2612 	 0.980000 	 
2613 	 0.980000 	 
2614 	 0.980000 	 
2615 	 0.980000 	 
2616 	 0.980000 	 
2617 	 0.980000 	 
2618 	 0.980000 	 
2619 	 0.980000 	 
2620 	 0.980000 	 
2621 	 0.980000 	 
2622 	 0.980000 	 
2623 	 0.980000 	 
2624 	 0.980000 	 
2625 	 0.980000 	 
2626 	 0.980000 	 
2627 	 0.980000 	 
2628 	 0.980000 	 
2629 	 0.980000 	 
2630 	 0.980000 	 
2631 	 0.980000 	 
2632 	 0.980000 	 
2633 	 0.980000 	 
2634 	 0.980000 	 
2635 	 0.980000 	 
2636 	 0.980000 	 
2637 	 0.980000 	 
2638 	 0.980000 	 
2639 	 0.980000 	 
2640 	 0.980000 	 
2641 	 0.980000 	 
2642 	 0.980000 	 
2643 	 0.980000 	 
2644 	 0.980000 	 
2645 	 0.980000 	 
2646 	 0.980000 	 
2647 	 0.980000 	 
2648 	 0.980000 	 
2649 	 0.980000 	 
2650 	 0.980000 	 
2651 	 0.980000 	 
2652 	 0.980000 	 
2653 	 0.980000 	 
2654 	 0.980000 	 
2655 	 0.980000 	 
2656 	 0.980000 	 
2657 	 0.980000 	 
2658 	 0.980000 	 
2659 	 0.980000 	 
2660 	 0.980000 	 
2661 	 0.980000 	 
2662 	 0.980000 	 
2663 	 0.980000 	 
2664 	 0.980000 	 
2665 	 0.980000 	 
2666 	 0.980000 	 
2667 	 0.980000 	 
2668 	 0.980000 	 
2669 	 0.980000 	 
2670 	 0.980000 	 
2671 	 0.980000 	 
2672 	 0.980000 	 
2673 	 0.980000 	 
2674 	 0.980000 	 
2675 	 0.980000 	 
2676 	 0.980000 	 
2677 	 0.980000 	 
2678 	 0.980000 	 
2679 	 0.980000 	 
2680 	 0.980000 	 
2681 	 0.980000 	 
2682 	 0.980000 	 
2683 	 0.980000 	 
2684 	 0.980000 	 
2685 	 0.980000 	 
2686 	 0.980000 	 
2687 	 0.980000 	 
2688 	 0.980000 	 
2689 	 0.980000 	 
2690 	 0.980000 	 
2691 	 0.980000 	 
2692 	 0.980000 	 
2693 	 0.980000 	 
2694 	 0.980000 	 
2695 	 0.980000 	 
2696 	 0.980000 	 
2697 	 0.980000 	 
2698 	 0.980000 	 
2699 	 0.980000 	 
2700 	 0.980000 	 
2701 	 0.980000 	 
2702 	 0.980000 	 
2703 	 0.980000 	 
2704 	 0.980000 	 
2705 	 0.980000 	 
2706 	 0.980000 	 
2707 	 0.980000 	 
2708 	 0.980000 	 
2709 	 0.980000 	 
2710 	 0.980000 	 
2711 	 0.980000 	 
2712 	 0.980000 	 
2713 	 0.980000 	 
2714 	 0.980000 	 
2715 	 0.980000 	 
2716 	 0.980000 	 
2717 	 0.980000 	 
2718 	 0.980000 	 
2719 	 0.980000 	 
2720 	 0.980000 	 
2721 	 0.980000 	 
2722 	 0.980000 	 
2723 	 0.980000 	 
2724 	 0.980000 	 
2725 	 0.980000 	 
2726 	 0.980000 	 
2727 	 0.980000 	 
2728 	 0.980000 	 
2729 	 0.980000 	 
2730 	 0.980000 	 
2731 	 0.980000 	 
2732 	 0.980000 	 
2733 	 0.980000 	 
2734 	 0.980000 	 
2735 	 0.980000 	 
2736 	 0.980000 	 
2737 	 0.980000 	 
2738 	 0.980000 	 
2739 	 0.980000 	 
2740 	 0.980000 	 
2741 	 0.980000 	 
2742 	 0.980000 	 
2743 	 0.980000 	 
2744 	 0.980000 	 
2745 	 0.980000 	 
2746 	 0.980000 	 
2747 	 0.980000 	 
2748 	 0.980000 	 
2749 	 0.980000 	 
2750 	 0.980000 	 
2751 	 0.980000 	 
2752 	 0.980000 	 
2753 	 0.980000 	 
2754 	 0.980000 	 
2755 	 0.980000 	 
2756 	 0.980000 	 
2757 	 0.980000 	 
2758 	 0.980000 	 
2759 	 0.980000 	 
2760 	 0.980000 	 
2761 	 0.980000 	 
2762 	 0.980000 	 
2763 	 0.980000 	 
2764 	 0.980000 	 
2765 	 0.980000 	 
2766 	 0.980000 	 
2767 	 0.980000 	 
2768 	 0.980000 	 
2769 	 0.980000 	 
2770 	 0.980000 	 
2771 	 0.980000 	 
2772 	 0.980000 	 
2773 	 0.980000 	 
2774 	 0.980000 	 
2775 	 0.980000 	 
2776 	 0.980000 	 
2777 	 0.980000 	 
2778 	 0.980000 	 
2779 	 0.980000 	 
2780 	 0.980000 	 
2781 	 0.980000 	 
2782 	 0.980000 	 
2783 	 0.980000 	 
2784 	 0.980000 	 
2785 	 0.980000 	 
2786 	 0.980000 	 
2787 	 0.980000 	 
2788 	 0.980000 	 
2789 	 0.980000 	 
2790 	 0.980000 	 
2791 	 0.980000 	 
2792 	 0.980000 	 
2793 	 0.980000 	 
2794 	 0.980000 	 
2795 	 0.980000 	 
2796 	 0.980000 	 
2797 	 0.980000 	 
2798 	 0.980000 	 
2799 	 0.980000 	 
2800 	 0.980000 	 
2801 	 0.980000 	 
2802 	 0.980000 	 
2803 	 0.980000 	 
2804 	 0.980000 	 
2805 	 0.980000 	 
2806 	 0.980000 	 
2807 	 0.980000 	 
2808 	 0.980000 	 
2809 	 0.980000 	 
2810 	 0.980000 	 
2811 	 0.980000 	 
2812 	 0.980000 	 
2813 	 0.980000 	 
2814 	 0.980000 	 
2815 	 0.980000 	 
2816 	 0.980000 	 
2817 	 0.980000 	 
2818 	 0.980000 	 
2819 	 0.980000 	 
2820 	 0.980000 	 
2821 	 0.980000 	 
2822 	 0.980000 	 
2823 	 0.980000 	 
2824 	 0.980000 	 
2825 	 0.980000 	 
2826 	 0.980000 	 
2827 	 0.980000 	 
2828 	 0.980000 	 
2829 	 0.980000 	 
2830 	 0.980000 	 
2831 	 0.980000 	 
2832 	 0.980000 	 
2833 	 0.980000 	 
2834 	 0.980000 	 
2835 	 0.980000 	 
2836 	 0.980000 	 
2837 	 0.980000 	 
2838 	 0.980000 	 
2839 	 0.980000 	 
2840 	 0.980000 	 
2841 	 0.980000 	 
2842 	 0.980000 	 
2843 	 0.980000 	 
2844 	 0.980000 	 
2845 	 0.980000 	 
2846 	 0.980000 	 
2847 	 0.980000 	 
2848 	 0.980000 	 
2849 	 0.980000 	 
2850 	 0.980000 	 
2851 	 0.980000 	 
2852 	 0.980000 	 
2853 	 0.980000 	 
2854 	 0.980000 	 
2855 	 0.980000 	 
2856 	 0.980000 	 
2857 	 0.980000 	 
2858 	 0.980000 	 
2859 	 0.980000 	 
2860 	 0.980000 	 
2861 	 0.980000 	 
2862 	 0.980000 	 
2863 	 0.980000 	 
2864 	 0.980000 	 
2865 	 0.980000 	 
2866 	 0.980000 	 
2867 	 0.980000 	 
2868 	 0.980000 	 
2869 	 0.980000 	 
2870 	 0.980000 	 
2871 	 0.980000 	 
2872 	 0.980000 	 
2873 	 0.980000 	 
2874 	 0.980000 	 
2875 	 0.980000 	 
2876 	 0.980000 	 
2877 	 0.980000 	 
2878 	 0.980000 	 
2879 	 0.980000 	 
2880 	 0.980000 	 
2881 	 0.980000 	 
2882 	 0.980000 	 
2883 	 0.980000 	 
2884 	 0.980000 	 
2885 	 0.980000 	 
2886 	 0.980000 	 
2887 	 0.980000 	 
2888 	 0.980000 	 
2889 	 0.980000 	 
2890 	 0.980000 	 
2891 	 0.980000 	 
2892 	 0.980000 	 
2893 	 0.980000 	 
2894 	 0.980000 	 
2895 	 0.980000 	 
2896 	 0.980000 	 
2897 	 0.980000 	 
2898 	 0.980000 	 
2899 	 0.980000 	 
2900 	 0.980000 	 
2901 	 0.980000 	 
2902 	 0.980000 	 
2903 	 0.980000 	 
2904 	 0.980000 	 
2905 	 0.980000 	 
2906 	 0.980000 	 
2907 	 0.980000 	 
2908 	 0.980000 	 
2909 	 0.980000 	 
2910 	 0.980000 	 
2911 	 0.980000 	 
2912 	 0.980000 	 
2913 	 0.980000 	 
2914 	 0.980000 	 
2915 	 0.980000 	 
2916 	 0.980000 	 
2917 	 0.980000 	 
2918 	 0.980000 	 
2919 	 0.980000 	 
2920 	 0.980000 	 
2921 	 0.980000 	 
2922 	 0.980000 	 
2923 	 0.980000 	 
2924 	 0.980000 	 
2925 	 0.980000 	 
2926 	 0.980000 	 
2927 	 0.980000 	 
2928 	 0.980000 	 
2929 	 0.980000 	 
2930 	 0.980000 	 
2931 	 0.980000 	 
2932 	 0.980000 	 
2933 	 0.980000 	 
2934 	 0.980000 	 
2935 	 0.980000 	 
2936 	 0.980000 	 
2937 	 0.980000 	 
2938 	 0.980000 	 
2939 	 0.980000 	 
2940 	 0.980000 	 
2941 	 0.980000 	 
2942 	 0.980000 	 
2943 	 0.980000 	 
2944 	 0.980000 	 
2945 	 0.980000 	 
2946 	 0.980000 	 
2947 	 0.980000 	 
2948 	 0.980000 	 
2949 	 0.980000 	 
2950 	 0.980000 	 
2951 	 0.980000 	 
2952 	 0.980000 	 
2953 	 0.980000 	 
2954 	 0.980000 	 
2955 	 0.980000 	 
2956 	 0.980000 	 
2957 	 0.980000 	 
2958 	 0.980000 	 
2959 	 0.980000 	 
2960 	 0.980000 	 
2961 	 0.980000 	 
2962 	 0.980000 	 
2963 	 0.980000 	 
2964 	 0.980000 	 
2965 	 0.980000 	 
2966 	 0.980000 	 
2967 	 0.980000 	 
2968 	 0.980000 	 
2969 	 0.980000 	 
2970 	 0.980000 	 
2971 	 0.980000 	 
2972 	 0.980000 	 
2973 	 0.980000 	 
2974 	 0.980000 	 
2975 	 0.980000 	 
2976 	 0.980000 	 
2977 	 0.980000 	 
2978 	 0.980000 	 
2979 	 0.980000 	 
2980 	 0.980000 	 
2981 	 0.980000 	 
2982 	 0.980000 	 
2983 	 0.980000 	 
2984 	 0.980000 	 
2985 	 0.980000 	 
2986 	 0.980000 	 
2987 	 0.980000 	 
2988 	 0.980000 	 
2989 	 0.980000 	 
2990 	 0.980000 	 
2991 	 0.980000 	 
2992 	 0.980000 	 
2993 	 0.980000 	 
2994 	 0.980000 	 
2995 	 0.980000 	 
2996 	 0.980000 	 
2997 	 0.980000 	 
2998 	 0.980000 	 
2999 	 0.980000 	 
3000 	 0.980000 	 
3001 	 0.980000 	 
3002 	 0.980000 	 
3003 	 0.980000 	 
3004 	 0.980000 	 
3005 	 0.980000 	 
3006 	 0.980000 	 
3007 	 0.980000 	 
3008 	 0.980000 	 
3009 	 0.980000 	 
3010 	 0.980000 	 
3011 	 0.980000 	 
3012 	 0.980000 	 
3013 	 0.980000 	 
3014 	 0.980000 	 
3015 	 0.980000 	 
3016 	 0.980000 	 
3017 	 0.980000 	 
3018 	 0.980000 	 
3019 	 0.980000 	 
3020 	 0.980000 	 
3021 	 0.980000 	 
3022 	 0.980000 	 
3023 	 0.980000 	 
3024 	 0.980000 	 
3025 	 0.980000 	 
3026 	 0.980000 	 
3027 	 0.980000 	 
3028 	 0.980000 	 
3029 	 0.980000 	 
3030 	 0.980000 	 
3031 	 0.980000 	 
3032 	 0.980000 	 
3033 	 0.980000 	 
3034 	 0.980000 	 
3035 	 0.980000 	 
3036 	 0.980000 	 
3037 	 0.980000 	 
3038 	 0.980000 	 
3039 	 0.980000 	 
3040 	 0.980000 	 
3041 	 0.980000 	 
3042 	 0.980000 	 
3043 	 0.980000 	 
3044 	 0.980000 	 
3045 	 0.980000 	 
3046 	 0.980000 	 
3047 	 0.980000 	 
3048 	 0.980000 	 
3049 	 0.980000 	 
3050 	 0.980000 	 
3051 	 0.980000 	 
3052 	 0.980000 	 
3053 	 0.980000 	 
3054 	 0.980000 	 
3055 	 0.980000 	 
3056 	 0.980000 	 
3057 	 0.980000 	 
3058 	 0.980000 	 
3059 	 0.980000 	 
3060 	 0.980000 	 
3061 	 0.980000 	 
3062 	 0.980000 	 
3063 	 0.980000 	 
3064 	 0.980000 	 
3065 	 0.980000 	 
3066 	 0.980000 	 
3067 	 0.980000 	 
3068 	 0.980000 	 
3069 	 0.980000 	 
3070 	 0.980000 	 
3071 	 0.980000 	 
3072 	 0.980000 	 
3073 	 0.980000 	 
3074 	 0.980000 	 
3075 	 0.980000 	 
3076 	 0.980000 	 
3077 	 0.980000 	 
3078 	 0.980000 	 
3079 	 0.980000 	 
3080 	 0.980000 	 
3081 	 0.980000 	 
3082 	 0.980000 	 
3083 	 0.980000 	 
3084 	 0.980000 	 
3085 	 0.980000 	 
3086 	 0.980000 	 
3087 	 0.980000 	 
3088 	 0.980000 	 
3089 	 0.980000 	 
3090 	 0.980000 	 
3091 	 0.980000 	 
3092 	 0.980000 	 
3093 	 0.980000 	 
3094 	 0.980000 	 
3095 	 0.980000 	 
3096 	 0.980000 	 
3097 	 0.980000 	 
3098 	 0.980000 	 
3099 	 0.980000 	 
3100 	 0.980000 	 
3101 	 0.980000 	 
3102 	 0.980000 	 
3103 	 0.980000 	 
3104 	 0.980000 	 
3105 	 0.980000 	 
3106 	 0.980000 	 
3107 	 0.980000 	 
3108 	 0.980000 	 
3109 	 0.980000 	 
3110 	 0.980000 	 
3111 	 0.980000 	 
3112 	 0.980000 	 
3113 	 0.980000 	 
3114 	 0.980000 	 
3115 	 0.980000 	 
3116 	 0.980000 	 
3117 	 0.980000 	 
3118 	 0.980000 	 
3119 	 0.980000 	 
3120 	 0.980000 	 
3121 	 0.980000 	 
3122 	 0.980000 	 
3123 	 0.980000 	 
3124 	 0.980000 	 
3125 	 0.980000 	 
3126 	 0.980000 	 
3127 	 0.980000 	 
3128 	 0.980000 	 
3129 	 0.980000 	 
3130 	 0.980000 	 
3131 	 0.980000 	 
3132 	 0.980000 	 
3133 	 0.980000 	 
3134 	 0.980000 	 
3135 	 0.980000 	 
3136 	 0.980000 	 
3137 	 0.980000 	 
3138 	 0.980000 	 
3139 	 0.980000 	 
3140 	 0.980000 	 
3141 	 0.980000 	 
3142 	 0.980000 	 
3143 	 0.980000 	 
3144 	 0.980000 	 
3145 	 0.980000 	 
3146 	 0.980000 	 
3147 	 0.980000 	 
3148 	 0.980000 	 
3149 	 0.980000 	 
3150 	 0.980000 	 
3151 	 0.980000 	 
3152 	 0.980000 	 
3153 	 0.980000 	 
3154 	 0.980000 	 
3155 	 0.980000 	 
3156 	 0.980000 	 
3157 	 0.980000 	 
3158 	 0.980000 	 
3159 	 0.980000 	 
3160 	 0.980000 	 
3161 	 0.980000 	 
3162 	 0.980000 	 
3163 	 0.980000 	 
3164 	 0.980000 	 
3165 	 0.980000 	 
3166 	 0.980000 	 
3167 	 0.980000 	 
3168 	 0.980000 	 
3169 	 0.980000 	 
3170 	 0.980000 	 
3171 	 0.980000 	 
3172 	 0.980000 	 
3173 	 0.980000 	 
3174 	 0.980000 	 
3175 	 0.980000 	 
3176 	 0.980000 	 
3177 	 0.980000 	 
3178 	 0.980000 	 
3179 	 0.980000 	 
3180 	 0.980000 	 
3181 	 0.980000 	 
3182 	 0.980000 	 
3183 	 0.980000 	 
3184 	 0.980000 	 
3185 	 0.980000 	 
3186 	 0.980000 	 
3187 	 0.980000 	 
3188 	 0.980000 	 
3189 	 0.980000 	 
3190 	 0.980000 	 
3191 	 0.980000 	 
3192 	 0.980000 	 
3193 	 0.980000 	 
3194 	 0.980000 	 
3195 	 0.980000 	 
3196 	 0.980000 	 
3197 	 0.980000 	 
3198 	 0.980000 	 
3199 	 0.980000 	 
3200 	 0.980000 	 
3201 	 0.980000 	 
3202 	 0.980000 	 
3203 	 0.980000 	 
3204 	 0.980000 	 
3205 	 0.980000 	 
3206 	 0.980000 	 
3207 	 0.980000 	 
3208 	 0.980000 	 
3209 	 0.980000 	 
3210 	 0.980000 	 
3211 	 0.980000 	 
3212 	 0.980000 	 
3213 	 0.980000 	 
3214 	 0.980000 	 
3215 	 0.980000 	 
3216 	 0.980000 	 
3217 	 0.980000 	 
3218 	 0.980000 	 
3219 	 0.980000 	 
3220 	 0.980000 	 
3221 	 0.980000 	 
3222 	 0.980000 	 
3223 	 0.980000 	 
3224 	 0.980000 	 
3225 	 0.980000 	 
3226 	 0.980000 	 
3227 	 0.980000 	 
3228 	 0.980000 	 
3229 	 0.980000 	 
3230 	 0.980000 	 
3231 	 0.980000 	 
3232 	 0.980000 	 
3233 	 0.980000 	 
3234 	 0.980000 	 
3235 	 0.980000 	 
3236 	 0.980000 	 
3237 	 0.980000 	 
3238 	 0.980000 	 
3239 	 0.980000 	 
3240 	 0.980000 	 
3241 	 0.980000 	 
3242 	 0.980000 	 
3243 	 0.980000 	 
3244 	 0.980000 	 
3245 	 0.980000 	 
3246 	 0.980000 	 
3247 	 0.980000 	 
3248 	 0.980000 	 
3249 	 0.980000 	 
3250 	 0.980000 	 
3251 	 0.980000 	 
3252 	 0.980000 	 
3253 	 0.980000 	 
3254 	 0.980000 	 
3255 	 0.980000 	 
3256 	 0.980000 	 
3257 	 0.980000 	 
3258 	 0.980000 	 
3259 	 0.980000 	 
3260 	 0.980000 	 
3261 	 0.980000 	 
3262 	 0.980000 	 
3263 	 0.980000 	 
3264 	 0.980000 	 
3265 	 0.980000 	 
3266 	 0.980000 	 
3267 	 0.980000 	 
3268 	 0.980000 	 
3269 	 0.980000 	 
3270 	 0.980000 	 
3271 	 0.980000 	 
3272 	 0.980000 	 
3273 	 0.980000 	 
3274 	 0.980000 	 
3275 	 0.980000 	 
3276 	 0.980000 	 
3277 	 0.980000 	 
3278 	 0.980000 	 
3279 	 0.980000 	 
3280 	 0.980000 	 
3281 	 0.980000 	 
3282 	 0.980000 	 
3283 	 0.980000 	 
3284 	 0.980000 	 
3285 	 0.980000 	 
3286 	 0.980000 	 
3287 	 0.980000 	 
3288 	 0.980000 	 
3289 	 0.980000 	 
3290 	 0.980000 	 
3291 	 0.980000 	 
3292 	 0.980000 	 
3293 	 0.980000 	 
3294 	 0.980000 	 
3295 	 0.980000 	 
3296 	 0.980000 	 
3297 	 0.980000 	 
3298 	 0.980000 	 
3299 	 0.980000 	 
3300 	 0.980000 	 
3301 	 0.980000 	 
3302 	 0.980000 	 
3303 	 0.980000 	 
3304 	 0.980000 	 
3305 	 0.980000 	 
3306 	 0.980000 	 
3307 	 0.980000 	 
3308 	 0.980000 	 
3309 	 0.980000 	 
3310 	 0.980000 	 
3311 	 0.980000 	 
3312 	 0.980000 	 
3313 	 0.980000 	 
3314 	 0.980000 	 
3315 	 0.980000 	 
3316 	 0.980000 	 
3317 	 0.980000 	 
3318 	 0.980000 	 
3319 	 0.980000 	 
3320 	 0.980000 	 
3321 	 0.980000 	 
3322 	 0.980000 	 
3323 	 0.980000 	 
3324 	 0.980000 	 
3325 	 0.980000 	 
3326 	 0.980000 	 
3327 	 0.980000 	 
3328 	 0.980000 	 
3329 	 0.980000 	 
3330 	 0.980000 	 
3331 	 0.980000 	 
3332 	 0.980000 	 
3333 	 0.980000 	 
3334 	 0.980000 	 
3335 	 0.980000 	 
3336 	 0.980000 	 
3337 	 0.980000 	 
3338 	 0.980000 	 
3339 	 0.980000 	 
3340 	 0.980000 	 
3341 	 0.980000 	 
3342 	 0.980000 	 
3343 	 0.980000 	 
3344 	 0.980000 	 
3345 	 0.980000 	 
3346 	 0.980000 	 
3347 	 0.980000 	 
3348 	 0.980000 	 
3349 	 0.980000 	 
3350 	 0.980000 	 
3351 	 0.980000 	 
3352 	 0.980000 	 
3353 	 0.980000 	 
3354 	 0.980000 	 
3355 	 0.980000 	 
3356 	 0.980000 	 
3357 	 0.980000 	 
3358 	 0.980000 	 
3359 	 0.980000 	 
3360 	 0.980000 	 
3361 	 0.980000 	 
3362 	 0.980000 	 
3363 	 0.980000 	 
3364 	 0.980000 	 
3365 	 0.980000 	 
3366 	 0.980000 	 
3367 	 0.980000 	 
3368 	 0.980000 	 
3369 	 0.980000 	 
3370 	 0.980000 	 
3371 	 0.980000 	 
3372 	 0.980000 	 
3373 	 0.980000 	 
3374 	 0.980000 	 
3375 	 0.980000 	 
3376 	 0.980000 	 
3377 	 0.980000 	 
3378 	 0.980000 	 
3379 	 0.980000 	 
3380 	 0.980000 	 
3381 	 0.980000 	 
3382 	 0.980000 	 
3383 	 0.980000 	 
3384 	 0.980000 	 
3385 	 0.980000 	 
3386 	 0.980000 	 
3387 	 0.980000 	 
3388 	 0.980000 	 
3389 	 0.980000 	 
3390 	 0.980000 	 
3391 	 0.980000 	 
3392 	 0.980000 	 
3393 	 0.980000 	 
3394 	 0.980000 	 
3395 	 0.980000 	 
3396 	 0.980000 	 
3397 	 0.980000 	 
3398 	 0.980000 	 
3399 	 0.980000 	 
3400 	 0.980000 	 
3401 	 0.980000 	 
3402 	 0.980000 	 
3403 	 0.980000 	 
3404 	 0.980000 	 
3405 	 0.980000 	 
3406 	 0.980000 	 
3407 	 0.980000 	 
3408 	 0.980000 	 
3409 	 0.980000 	 
3410 	 0.980000 	 
3411 	 0.980000 	 
3412 	 0.980000 	 
3413 	 0.980000 	 
3414 	 0.980000 	 
3415 	 0.980000 	 
3416 	 0.980000 	 
3417 	 0.980000 	 
3418 	 0.980000 	 
3419 	 0.980000 	 
3420 	 0.980000 	 
3421 	 0.980000 	 
3422 	 0.980000 	 
3423 	 0.980000 	 
3424 	 0.980000 	 
3425 	 0.980000 	 
3426 	 0.980000 	 
3427 	 0.980000 	 
3428 	 0.980000 	 
3429 	 0.980000 	 
3430 	 0.980000 	 
3431 	 0.980000 	 
3432 	 0.980000 	 
3433 	 0.980000 	 
3434 	 0.980000 	 
3435 	 0.980000 	 
3436 	 0.980000 	 
3437 	 0.980000 	 
3438 	 0.980000 	 
3439 	 0.980000 	 
3440 	 0.980000 	 
3441 	 0.980000 	 
3442 	 0.980000 	 
3443 	 0.980000 	 
3444 	 0.980000 	 
3445 	 0.980000 	 
3446 	 0.980000 	 
3447 	 0.980000 	 
3448 	 0.980000 	 
3449 	 0.980000 	 
3450 	 0.980000 	 
3451 	 0.980000 	 
3452 	 0.980000 	 
3453 	 0.980000 	 
3454 	 0.980000 	 
3455 	 0.980000 	 
3456 	 0.980000 	 
3457 	 0.980000 	 
3458 	 0.980000 	 
3459 	 0.980000 	 
3460 	 0.980000 	 
3461 	 0.980000 	 
3462 	 0.980000 	 
3463 	 0.980000 	 
3464 	 0.980000 	 
3465 	 0.980000 	 
3466 	 0.980000 	 
3467 	 0.980000 	 
3468 	 0.980000 	 
3469 	 0.980000 	 
3470 	 0.980000 	 
3471 	 0.980000 	 
3472 	 0.980000 	 
3473 	 0.980000 	 
3474 	 0.980000 	 
3475 	 0.980000 	 
3476 	 0.980000 	 
3477 	 0.980000 	 
3478 	 0.980000 	 
3479 	 0.980000 	 
3480 	 0.980000 	 
3481 	 0.980000 	 
3482 	 0.980000 	 
3483 	 0.980000 	 
3484 	 0.980000 	 
3485 	 0.980000 	 
3486 	 0.980000 	 
3487 	 0.980000 	 
3488 	 0.980000 	 
3489 	 0.980000 	 
3490 	 0.980000 	 
3491 	 0.980000 	 
3492 	 0.980000 	 
3493 	 0.980000 	 
3494 	 0.980000 	 
3495 	 0.980000 	 
3496 	 0.980000 	 
3497 	 0.980000 	 
3498 	 0.980000 	 
3499 	 0.980000 	 
3500 	 0.980000 	 
