   0.0000e+00   0.0000e+00   0.0000e+00
   1.0000e+00   0.0000e+00   0.0000e+00
   2.0000e+00   0.0000e+00   0.0000e+00
   3.0000e+00   0.0000e+00   0.0000e+00
   4.0000e+00   0.0000e+00   0.0000e+00
   5.0000e+00   0.0000e+00   0.0000e+00
   6.0000e+00   0.0000e+00   0.0000e+00
   7.0000e+00   0.0000e+00   0.0000e+00
   8.0000e+00   0.0000e+00   0.0000e+00
   9.0000e+00   0.0000e+00   0.0000e+00
   1.0000e+01   0.0000e+00   0.0000e+00
   1.1000e+01   0.0000e+00   0.0000e+00
   1.2000e+01   6.0213e+02   3.3298e+00
   1.3000e+01   5.9539e+02   6.5720e+00
   1.4000e+01   6.1214e+02   9.9019e+00
   1.5000e+01   5.9820e+02   1.3144e+01
   1.6000e+01   4.4330e+01   1.3144e+01
   1.7000e+01   4.4330e+01   1.3144e+01
   1.8000e+01   4.4330e+01   1.3144e+01
   1.9000e+01   4.4330e+01   1.3144e+01
   2.0000e+01   4.4330e+01   1.3144e+01
   2.1000e+01   4.4330e+01   1.3144e+01
   2.2000e+01   4.4330e+01   1.3144e+01
   2.3000e+01   4.4330e+01   1.3144e+01
   2.4000e+01  -4.0558e+02   1.0515e+01
   2.5000e+01  -4.0662e+02   7.8864e+00
   2.6000e+01  -4.0937e+02   5.2576e+00
   2.7000e+01  -4.2015e+02   2.6288e+00
   2.8000e+01  -4.4908e+02   0.0000e+00
   2.9000e+01   0.0000e+00   0.0000e+00
   3.0000e+01   0.0000e+00   0.0000e+00
   3.1000e+01   0.0000e+00   0.0000e+00
   3.2000e+01   0.0000e+00   0.0000e+00
   3.3000e+01   0.0000e+00   0.0000e+00
   3.4000e+01   0.0000e+00   0.0000e+00
   3.5000e+01   0.0000e+00   0.0000e+00
   3.6000e+01   0.0000e+00   0.0000e+00
   3.7000e+01   0.0000e+00   0.0000e+00
   3.8000e+01   0.0000e+00   0.0000e+00
   3.9000e+01   0.0000e+00   0.0000e+00
   4.0000e+01   0.0000e+00   0.0000e+00
   4.1000e+01   0.0000e+00   0.0000e+00
   4.2000e+01   0.0000e+00   0.0000e+00
   4.3000e+01   0.0000e+00   0.0000e+00
   4.4000e+01   0.0000e+00   0.0000e+00
   4.5000e+01   0.0000e+00   0.0000e+00
   4.6000e+01   0.0000e+00   0.0000e+00
   4.7000e+01   0.0000e+00   0.0000e+00
   4.8000e+01   0.0000e+00   0.0000e+00
   4.9000e+01   0.0000e+00   0.0000e+00
   5.0000e+01   4.3110e+02   2.3659e+00
   5.1000e+01   4.2753e+02   4.6442e+00
   5.2000e+01   4.4607e+02   7.0102e+00
   5.3000e+01   4.4729e+02   9.3761e+00
   5.4000e+01   4.3306e+02   1.1654e+01
   5.5000e+01   4.4880e+02   1.4020e+01
   5.6000e+01   4.4966e+02   1.6386e+01
   5.7000e+01   4.3565e+02   1.8665e+01
   5.8000e+01   4.5174e+02   2.1030e+01
   5.9000e+01   4.5299e+02   2.3396e+01
   6.0000e+01   4.3935e+02   2.5675e+01
   6.1000e+01   4.5583e+02   2.8041e+01
   6.2000e+01   5.1659e+01   2.8041e+01
   6.3000e+01   5.1659e+01   2.8041e+01
   6.4000e+01   5.1659e+01   2.8041e+01
   6.5000e+01   5.1659e+01   2.8041e+01
   6.6000e+01   5.1659e+01   2.8041e+01
   6.7000e+01   5.1659e+01   2.8041e+01
   6.8000e+01   5.1659e+01   2.8041e+01
   6.9000e+01   5.1659e+01   2.8041e+01
   7.0000e+01   5.1659e+01   2.8041e+01
   7.1000e+01   5.1659e+01   2.8041e+01
   7.2000e+01   5.1659e+01   2.8041e+01
   7.3000e+01   5.1659e+01   2.8041e+01
   7.4000e+01   5.1659e+01   2.8041e+01
   7.5000e+01   5.1659e+01   2.8041e+01
   7.6000e+01   5.1659e+01   2.8041e+01
   7.7000e+01   5.1659e+01   2.8041e+01
   7.8000e+01   5.1659e+01   2.8041e+01
   7.9000e+01   5.1659e+01   2.8041e+01
   8.0000e+01   5.1659e+01   2.8041e+01
   8.1000e+01   5.1659e+01   2.8041e+01
   8.2000e+01   5.1659e+01   2.8041e+01
   8.3000e+01   5.1659e+01   2.8041e+01
   8.4000e+01   5.1659e+01   2.8041e+01
   8.5000e+01   5.1659e+01   2.8041e+01
   8.6000e+01  -3.8408e+02   2.5499e+01
   8.7000e+01  -3.8554e+02   2.2958e+01
   8.8000e+01  -3.8686e+02   2.0417e+01
   8.9000e+01  -3.8802e+02   1.7876e+01
   9.0000e+01  -3.8903e+02   1.5335e+01
   9.1000e+01  -4.0489e+02   1.2706e+01
   9.2000e+01  -3.9072e+02   1.0165e+01
   9.3000e+01  -3.9180e+02   7.6235e+00
   9.4000e+01  -3.9476e+02   5.0824e+00
   9.5000e+01  -4.0582e+02   2.5412e+00
   9.6000e+01  -4.3411e+02   0.0000e+00
   9.7000e+01   0.0000e+00   0.0000e+00
   9.8000e+01   0.0000e+00   0.0000e+00
   9.9000e+01   0.0000e+00   0.0000e+00
   1.0000e+02   0.0000e+00   0.0000e+00
   1.0100e+02   0.0000e+00   0.0000e+00
   1.0200e+02   0.0000e+00   0.0000e+00
   1.0300e+02   0.0000e+00   0.0000e+00
   1.0400e+02   0.0000e+00   0.0000e+00
   1.0500e+02   0.0000e+00   0.0000e+00
   1.0600e+02   0.0000e+00   0.0000e+00
   1.0700e+02   0.0000e+00   0.0000e+00
   1.0800e+02   0.0000e+00   0.0000e+00
   1.0900e+02   0.0000e+00   0.0000e+00
   1.1000e+02   0.0000e+00   0.0000e+00
   1.1100e+02   0.0000e+00   0.0000e+00
   1.1200e+02   0.0000e+00   0.0000e+00
   1.1300e+02   0.0000e+00   0.0000e+00
   1.1400e+02   0.0000e+00   0.0000e+00
   1.1500e+02   0.0000e+00   0.0000e+00
   1.1600e+02   0.0000e+00   0.0000e+00
   1.1700e+02   0.0000e+00   0.0000e+00
   1.1800e+02   3.0491e+02   1.6649e+00
   1.1900e+02   3.1771e+02   3.3298e+00
   1.2000e+02   3.3875e+02   5.0824e+00
   1.2100e+02   3.2610e+02   6.7473e+00
   1.2200e+02   3.2715e+02   8.4122e+00
   1.2300e+02   3.2778e+02   1.0077e+01
   1.2400e+02   3.4330e+02   1.1830e+01
   1.2500e+02   3.2887e+02   1.3495e+01
   1.2600e+02   3.2944e+02   1.5159e+01
   1.2700e+02   3.3008e+02   1.6824e+01
   1.2800e+02   3.4579e+02   1.8577e+01
   1.2900e+02   3.7663e+02   2.0505e+01
   1.3000e+02   2.8752e+02   2.1907e+01
   1.3100e+02   3.3333e+02   2.3572e+01
   1.3200e+02   3.3430e+02   2.5237e+01
   1.3300e+02   3.5036e+02   2.6989e+01
   1.3400e+02   3.3649e+02   2.8654e+01
   1.3500e+02   3.3766e+02   3.0319e+01
   1.3600e+02   3.3890e+02   3.1984e+01
   1.3700e+02   3.5524e+02   3.3736e+01
   1.3800e+02   3.4164e+02   3.5401e+01
   1.3900e+02   3.4308e+02   3.7066e+01
   1.4000e+02   3.4458e+02   3.8731e+01
   1.4100e+02   3.6120e+02   4.0484e+01
   1.4200e+02   3.4787e+02   4.2149e+01
   1.4300e+02   3.4958e+02   4.3814e+01
   1.4400e+02   6.5159e+01   4.3814e+01
   1.4500e+02   6.5159e+01   4.3814e+01
   1.4600e+02   6.5159e+01   4.3814e+01
   1.4700e+02   6.5159e+01   4.3814e+01
   1.4800e+02   6.5159e+01   4.3814e+01
   1.4900e+02   6.5159e+01   4.3814e+01
   1.5000e+02   6.5159e+01   4.3814e+01
   1.5100e+02   6.5159e+01   4.3814e+01
   1.5200e+02   6.5159e+01   4.3814e+01
   1.5300e+02   6.5159e+01   4.3814e+01
   1.5400e+02   6.5159e+01   4.3814e+01
   1.5500e+02   6.5159e+01   4.3814e+01
   1.5600e+02  -2.2097e+02   4.2149e+01
   1.5700e+02  -2.2260e+02   4.0484e+01
   1.5800e+02  -2.0913e+02   3.8906e+01
   1.5900e+02  -2.2561e+02   3.7242e+01
   1.6000e+02  -2.2705e+02   3.5577e+01
   1.6100e+02  -2.1339e+02   3.3999e+01
   1.6200e+02  -2.2967e+02   3.2334e+01
   1.6300e+02  -2.3092e+02   3.0669e+01
   1.6400e+02   5.3497e+01   3.0669e+01
   1.6500e+02   5.3497e+01   3.0669e+01
   1.6600e+02   5.3497e+01   3.0669e+01
   1.6700e+02   5.3497e+01   3.0669e+01
   1.6800e+02   5.3497e+01   3.0669e+01
   1.6900e+02   5.3497e+01   3.0669e+01
   1.7000e+02   5.3497e+01   3.0669e+01
   1.7100e+02   5.3497e+01   3.0669e+01
   1.7200e+02   5.3497e+01   3.0669e+01
   1.7300e+02   5.3497e+01   3.0669e+01
   1.7400e+02   5.3497e+01   3.0669e+01
   1.7500e+02   5.3497e+01   3.0669e+01
   1.7600e+02   5.3497e+01   3.0669e+01
   1.7700e+02  -3.8240e+02   2.8128e+01
   1.7800e+02  -3.8402e+02   2.5587e+01
   1.7900e+02  -4.0051e+02   2.2958e+01
   1.8000e+02  -3.8686e+02   2.0417e+01
   1.8100e+02  -3.8802e+02   1.7876e+01
   1.8200e+02  -3.8903e+02   1.5335e+01
   1.8300e+02  -3.8990e+02   1.2794e+01
   1.8400e+02  -3.9070e+02   1.0252e+01
   1.8500e+02  -4.0677e+02   7.6235e+00
   1.8600e+02  -3.9476e+02   5.0824e+00
   1.8700e+02  -4.0582e+02   2.5412e+00
   1.8800e+02  -4.3411e+02   0.0000e+00
   1.8900e+02   0.0000e+00   0.0000e+00
   1.9000e+02   0.0000e+00   0.0000e+00
   1.9100e+02   0.0000e+00   0.0000e+00
   1.9200e+02   0.0000e+00   0.0000e+00
   1.9300e+02   0.0000e+00   0.0000e+00
   1.9400e+02   0.0000e+00   0.0000e+00
   1.9500e+02   0.0000e+00   0.0000e+00
   1.9600e+02   0.0000e+00   0.0000e+00
   1.9700e+02   0.0000e+00   0.0000e+00
   1.9800e+02   0.0000e+00   0.0000e+00
   1.9900e+02   0.0000e+00   0.0000e+00
   2.0000e+02   0.0000e+00   0.0000e+00
   2.0100e+02   0.0000e+00   0.0000e+00
   2.0200e+02   0.0000e+00   0.0000e+00
   2.0300e+02   0.0000e+00   0.0000e+00
   2.0400e+02   0.0000e+00   0.0000e+00
   2.0500e+02   0.0000e+00   0.0000e+00
   2.0600e+02   0.0000e+00   0.0000e+00
   2.0700e+02   6.0213e+02   3.3298e+00
   2.0800e+02   5.9539e+02   6.5720e+00
   2.0900e+02   6.1214e+02   9.9019e+00
   2.1000e+02   5.9820e+02   1.3144e+01
   2.1100e+02   4.4330e+01   1.3144e+01
   2.1200e+02   4.4330e+01   1.3144e+01
   2.1300e+02   4.4330e+01   1.3144e+01
   2.1400e+02   4.4330e+01   1.3144e+01
   2.1500e+02   4.4330e+01   1.3144e+01
   2.1600e+02   4.4330e+01   1.3144e+01
   2.1700e+02   4.4330e+01   1.3144e+01
   2.1800e+02   4.4330e+01   1.3144e+01
   2.1900e+02  -4.0558e+02   1.0515e+01
   2.2000e+02  -4.0662e+02   7.8864e+00
   2.2100e+02  -4.0937e+02   5.2576e+00
   2.2200e+02  -4.2015e+02   2.6288e+00
   2.2300e+02  -4.4908e+02   0.0000e+00
   2.2400e+02   0.0000e+00   0.0000e+00
   2.2500e+02   0.0000e+00   0.0000e+00
   2.2600e+02   0.0000e+00   0.0000e+00
   2.2700e+02   0.0000e+00   0.0000e+00
   2.2800e+02   0.0000e+00   0.0000e+00
   2.2900e+02   0.0000e+00   0.0000e+00
   2.3000e+02   0.0000e+00   0.0000e+00
   2.3100e+02   0.0000e+00   0.0000e+00
   2.3200e+02   0.0000e+00   0.0000e+00
   2.3300e+02   0.0000e+00   0.0000e+00
   2.3400e+02   0.0000e+00   0.0000e+00
   2.3500e+02   0.0000e+00   0.0000e+00
   2.3600e+02   0.0000e+00   0.0000e+00
   2.3700e+02   0.0000e+00   0.0000e+00
   2.3800e+02   0.0000e+00   0.0000e+00
   2.3900e+02   0.0000e+00   0.0000e+00
   2.4000e+02   0.0000e+00   0.0000e+00
   2.4100e+02   0.0000e+00   0.0000e+00
   2.4200e+02   0.0000e+00   0.0000e+00
   2.4300e+02   0.0000e+00   0.0000e+00
   2.4400e+02   0.0000e+00   0.0000e+00
   2.4500e+02   4.3110e+02   2.3659e+00
   2.4600e+02   4.2753e+02   4.6442e+00
   2.4700e+02   4.4607e+02   7.0102e+00
   2.4800e+02   4.4729e+02   9.3761e+00
   2.4900e+02   4.3306e+02   1.1654e+01
   2.5000e+02   4.4880e+02   1.4020e+01
   2.5100e+02   4.4966e+02   1.6386e+01
   2.5200e+02   4.3565e+02   1.8665e+01
   2.5300e+02   4.5174e+02   2.1030e+01
   2.5400e+02   4.5299e+02   2.3396e+01
   2.5500e+02   4.3935e+02   2.5675e+01
   2.5600e+02   4.5583e+02   2.8041e+01
   2.5700e+02   5.1659e+01   2.8041e+01
   2.5800e+02   5.1659e+01   2.8041e+01
   2.5900e+02   5.1659e+01   2.8041e+01
   2.6000e+02   5.1659e+01   2.8041e+01
   2.6100e+02   5.1659e+01   2.8041e+01
   2.6200e+02   5.1659e+01   2.8041e+01
   2.6300e+02   5.1659e+01   2.8041e+01
   2.6400e+02   5.1659e+01   2.8041e+01
   2.6500e+02   5.1659e+01   2.8041e+01
   2.6600e+02   5.1659e+01   2.8041e+01
   2.6700e+02   5.1659e+01   2.8041e+01
   2.6800e+02   5.1659e+01   2.8041e+01
   2.6900e+02   5.1659e+01   2.8041e+01
   2.7000e+02   5.1659e+01   2.8041e+01
   2.7100e+02   5.1659e+01   2.8041e+01
   2.7200e+02   5.1659e+01   2.8041e+01
   2.7300e+02   5.1659e+01   2.8041e+01
   2.7400e+02   5.1659e+01   2.8041e+01
   2.7500e+02   5.1659e+01   2.8041e+01
   2.7600e+02   5.1659e+01   2.8041e+01
   2.7700e+02   5.1659e+01   2.8041e+01
   2.7800e+02   5.1659e+01   2.8041e+01
   2.7900e+02   5.1659e+01   2.8041e+01
   2.8000e+02   5.1659e+01   2.8041e+01
   2.8100e+02  -3.8408e+02   2.5499e+01
   2.8200e+02  -3.8554e+02   2.2958e+01
   2.8300e+02  -3.8686e+02   2.0417e+01
   2.8400e+02  -3.8802e+02   1.7876e+01
   2.8500e+02  -3.8903e+02   1.5335e+01
   2.8600e+02  -4.0489e+02   1.2706e+01
   2.8700e+02  -3.9072e+02   1.0165e+01
   2.8800e+02  -3.9180e+02   7.6235e+00
   2.8900e+02  -3.9476e+02   5.0824e+00
   2.9000e+02  -4.0582e+02   2.5412e+00
   2.9100e+02  -4.3411e+02   0.0000e+00
   2.9200e+02   0.0000e+00   0.0000e+00
   2.9300e+02   0.0000e+00   0.0000e+00
   2.9400e+02   0.0000e+00   0.0000e+00
   2.9500e+02   0.0000e+00   0.0000e+00
   2.9600e+02   0.0000e+00   0.0000e+00
   2.9700e+02   0.0000e+00   0.0000e+00
   2.9800e+02   0.0000e+00   0.0000e+00
   2.9900e+02   0.0000e+00   0.0000e+00
   3.0000e+02   0.0000e+00   0.0000e+00
   3.0100e+02   0.0000e+00   0.0000e+00
   3.0200e+02   0.0000e+00   0.0000e+00
   3.0300e+02   0.0000e+00   0.0000e+00
   3.0400e+02   0.0000e+00   0.0000e+00
   3.0500e+02   0.0000e+00   0.0000e+00
   3.0600e+02   0.0000e+00   0.0000e+00
   3.0700e+02   0.0000e+00   0.0000e+00
   3.0800e+02   0.0000e+00   0.0000e+00
   3.0900e+02   0.0000e+00   0.0000e+00
   3.1000e+02   0.0000e+00   0.0000e+00
   3.1100e+02   0.0000e+00   0.0000e+00
   3.1200e+02   0.0000e+00   0.0000e+00
   3.1300e+02   3.0491e+02   1.6649e+00
   3.1400e+02   3.1771e+02   3.3298e+00
   3.1500e+02   3.3875e+02   5.0824e+00
   3.1600e+02   3.2610e+02   6.7473e+00
   3.1700e+02   3.2715e+02   8.4122e+00
   3.1800e+02   3.2778e+02   1.0077e+01
   3.1900e+02   3.4330e+02   1.1830e+01
   3.2000e+02   3.2887e+02   1.3495e+01
   3.2100e+02   3.2944e+02   1.5159e+01
   3.2200e+02   3.3008e+02   1.6824e+01
   3.2300e+02   3.4579e+02   1.8577e+01
   3.2400e+02   3.7663e+02   2.0505e+01
   3.2500e+02   2.8752e+02   2.1907e+01
   3.2600e+02   3.3333e+02   2.3572e+01
   3.2700e+02   3.3430e+02   2.5237e+01
   3.2800e+02   3.5036e+02   2.6989e+01
   3.2900e+02   3.3649e+02   2.8654e+01
   3.3000e+02   3.3766e+02   3.0319e+01
   3.3100e+02   3.3890e+02   3.1984e+01
   3.3200e+02   3.5524e+02   3.3736e+01
   3.3300e+02   3.4164e+02   3.5401e+01
   3.3400e+02   3.4308e+02   3.7066e+01
   3.3500e+02   3.4458e+02   3.8731e+01
   3.3600e+02   3.6120e+02   4.0484e+01
   3.3700e+02   3.4787e+02   4.2149e+01
   3.3800e+02   3.4958e+02   4.3814e+01
   3.3900e+02   6.5159e+01   4.3814e+01
   3.4000e+02   6.5159e+01   4.3814e+01
   3.4100e+02   6.5159e+01   4.3814e+01
   3.4200e+02   6.5159e+01   4.3814e+01
   3.4300e+02   6.5159e+01   4.3814e+01
   3.4400e+02   6.5159e+01   4.3814e+01
   3.4500e+02   6.5159e+01   4.3814e+01
   3.4600e+02   6.5159e+01   4.3814e+01
   3.4700e+02   6.5159e+01   4.3814e+01
   3.4800e+02   6.5159e+01   4.3814e+01
   3.4900e+02   6.5159e+01   4.3814e+01
   3.5000e+02   6.5159e+01   4.3814e+01
   3.5100e+02  -2.2097e+02   4.2149e+01
   3.5200e+02  -2.2260e+02   4.0484e+01
   3.5300e+02  -2.0913e+02   3.8906e+01
   3.5400e+02  -2.2561e+02   3.7242e+01
   3.5500e+02  -2.2705e+02   3.5577e+01
   3.5600e+02  -2.1339e+02   3.3999e+01
   3.5700e+02  -2.2967e+02   3.2334e+01
   3.5800e+02  -2.3092e+02   3.0669e+01
   3.5900e+02   5.3497e+01   3.0669e+01
   3.6000e+02   5.3497e+01   3.0669e+01
   3.6100e+02   5.3497e+01   3.0669e+01
   3.6200e+02   5.3497e+01   3.0669e+01
   3.6300e+02   5.3497e+01   3.0669e+01
   3.6400e+02   5.3497e+01   3.0669e+01
   3.6500e+02   5.3497e+01   3.0669e+01
   3.6600e+02   5.3497e+01   3.0669e+01
   3.6700e+02   5.3497e+01   3.0669e+01
   3.6800e+02   5.3497e+01   3.0669e+01
   3.6900e+02   5.3497e+01   3.0669e+01
   3.7000e+02   5.3497e+01   3.0669e+01
   3.7100e+02   5.3497e+01   3.0669e+01
   3.7200e+02  -3.8240e+02   2.8128e+01
   3.7300e+02  -3.8402e+02   2.5587e+01
   3.7400e+02  -4.0051e+02   2.2958e+01
   3.7500e+02  -3.8686e+02   2.0417e+01
   3.7600e+02  -3.8802e+02   1.7876e+01
   3.7700e+02  -3.8903e+02   1.5335e+01
   3.7800e+02  -3.8990e+02   1.2794e+01
   3.7900e+02  -3.9070e+02   1.0252e+01
   3.8000e+02  -4.0677e+02   7.6235e+00
   3.8100e+02  -3.9476e+02   5.0824e+00
   3.8200e+02  -4.0582e+02   2.5412e+00
   3.8300e+02  -4.3411e+02   0.0000e+00
   3.8400e+02   0.0000e+00   0.0000e+00
   3.8500e+02   0.0000e+00   0.0000e+00
   3.8600e+02   0.0000e+00   0.0000e+00
   3.8700e+02   0.0000e+00   0.0000e+00
   3.8800e+02   0.0000e+00   0.0000e+00
   3.8900e+02   0.0000e+00   0.0000e+00
   3.9000e+02   0.0000e+00   0.0000e+00
   3.9100e+02   0.0000e+00   0.0000e+00
   3.9200e+02   0.0000e+00   0.0000e+00
   3.9300e+02   0.0000e+00   0.0000e+00
   3.9400e+02   0.0000e+00   0.0000e+00
   3.9500e+02   0.0000e+00   0.0000e+00
   3.9600e+02   0.0000e+00   0.0000e+00
   3.9700e+02   0.0000e+00   0.0000e+00
   3.9800e+02   0.0000e+00   0.0000e+00
   3.9900e+02   0.0000e+00   0.0000e+00
   4.0000e+02   0.0000e+00   0.0000e+00
   4.0100e+02   0.0000e+00   0.0000e+00
   4.0200e+02   0.0000e+00   0.0000e+00
   4.0300e+02   6.0213e+02   3.3298e+00
   4.0400e+02   5.9539e+02   6.5720e+00
   4.0500e+02   6.1214e+02   9.9019e+00
   4.0600e+02   5.9820e+02   1.3144e+01
   4.0700e+02   4.4330e+01   1.3144e+01
   4.0800e+02   4.4330e+01   1.3144e+01
   4.0900e+02   4.4330e+01   1.3144e+01
   4.1000e+02   4.4330e+01   1.3144e+01
   4.1100e+02   4.4330e+01   1.3144e+01
   4.1200e+02   4.4330e+01   1.3144e+01
   4.1300e+02   4.4330e+01   1.3144e+01
   4.1400e+02   4.4330e+01   1.3144e+01
   4.1500e+02  -4.0558e+02   1.0515e+01
   4.1600e+02  -4.0662e+02   7.8864e+00
   4.1700e+02  -4.0937e+02   5.2576e+00
   4.1800e+02  -4.2015e+02   2.6288e+00
   4.1900e+02  -4.4908e+02   0.0000e+00
   4.2000e+02   0.0000e+00   0.0000e+00
   4.2100e+02   0.0000e+00   0.0000e+00
   4.2200e+02   0.0000e+00   0.0000e+00
   4.2300e+02   0.0000e+00   0.0000e+00
   4.2400e+02   0.0000e+00   0.0000e+00
   4.2500e+02   0.0000e+00   0.0000e+00
   4.2600e+02   0.0000e+00   0.0000e+00
   4.2700e+02   0.0000e+00   0.0000e+00
   4.2800e+02   0.0000e+00   0.0000e+00
   4.2900e+02   0.0000e+00   0.0000e+00
   4.3000e+02   0.0000e+00   0.0000e+00
   4.3100e+02   0.0000e+00   0.0000e+00
   4.3200e+02   0.0000e+00   0.0000e+00
   4.3300e+02   0.0000e+00   0.0000e+00
   4.3400e+02   0.0000e+00   0.0000e+00
   4.3500e+02   0.0000e+00   0.0000e+00
   4.3600e+02   0.0000e+00   0.0000e+00
   4.3700e+02   0.0000e+00   0.0000e+00
   4.3800e+02   0.0000e+00   0.0000e+00
   4.3900e+02   0.0000e+00   0.0000e+00
   4.4000e+02   0.0000e+00   0.0000e+00
   4.4100e+02   4.3110e+02   2.3659e+00
   4.4200e+02   4.2753e+02   4.6442e+00
   4.4300e+02   4.4607e+02   7.0102e+00
   4.4400e+02   4.4729e+02   9.3761e+00
   4.4500e+02   4.3306e+02   1.1654e+01
   4.4600e+02   4.4880e+02   1.4020e+01
   4.4700e+02   4.4966e+02   1.6386e+01
   4.4800e+02   4.3565e+02   1.8665e+01
   4.4900e+02   4.5174e+02   2.1030e+01
   4.5000e+02   4.5299e+02   2.3396e+01
   4.5100e+02   4.3935e+02   2.5675e+01
   4.5200e+02   4.5583e+02   2.8041e+01
   4.5300e+02   5.1659e+01   2.8041e+01
   4.5400e+02   5.1659e+01   2.8041e+01
   4.5500e+02   5.1659e+01   2.8041e+01
   4.5600e+02   5.1659e+01   2.8041e+01
   4.5700e+02   5.1659e+01   2.8041e+01
   4.5800e+02   5.1659e+01   2.8041e+01
   4.5900e+02   5.1659e+01   2.8041e+01
   4.6000e+02   5.1659e+01   2.8041e+01
   4.6100e+02   5.1659e+01   2.8041e+01
   4.6200e+02   5.1659e+01   2.8041e+01
   4.6300e+02   5.1659e+01   2.8041e+01
   4.6400e+02   5.1659e+01   2.8041e+01
   4.6500e+02   5.1659e+01   2.8041e+01
   4.6600e+02   5.1659e+01   2.8041e+01
   4.6700e+02   5.1659e+01   2.8041e+01
   4.6800e+02   5.1659e+01   2.8041e+01
   4.6900e+02   5.1659e+01   2.8041e+01
   4.7000e+02   5.1659e+01   2.8041e+01
   4.7100e+02   5.1659e+01   2.8041e+01
   4.7200e+02   5.1659e+01   2.8041e+01
   4.7300e+02   5.1659e+01   2.8041e+01
   4.7400e+02   5.1659e+01   2.8041e+01
   4.7500e+02   5.1659e+01   2.8041e+01
   4.7600e+02   5.1659e+01   2.8041e+01
   4.7700e+02  -3.8408e+02   2.5499e+01
   4.7800e+02  -3.8554e+02   2.2958e+01
   4.7900e+02  -3.8686e+02   2.0417e+01
   4.8000e+02  -3.8802e+02   1.7876e+01
   4.8100e+02  -3.8903e+02   1.5335e+01
   4.8200e+02  -4.0489e+02   1.2706e+01
   4.8300e+02  -3.9072e+02   1.0165e+01
   4.8400e+02  -3.9180e+02   7.6235e+00
   4.8500e+02  -3.9476e+02   5.0824e+00
   4.8600e+02  -4.0582e+02   2.5412e+00
   4.8700e+02  -4.3411e+02   0.0000e+00
   4.8800e+02   0.0000e+00   0.0000e+00
   4.8900e+02   0.0000e+00   0.0000e+00
   4.9000e+02   0.0000e+00   0.0000e+00
   4.9100e+02   0.0000e+00   0.0000e+00
   4.9200e+02   0.0000e+00   0.0000e+00
   4.9300e+02   0.0000e+00   0.0000e+00
   4.9400e+02   0.0000e+00   0.0000e+00
   4.9500e+02   0.0000e+00   0.0000e+00
   4.9600e+02   0.0000e+00   0.0000e+00
   4.9700e+02   0.0000e+00   0.0000e+00
   4.9800e+02   0.0000e+00   0.0000e+00
   4.9900e+02   0.0000e+00   0.0000e+00
   5.0000e+02   0.0000e+00   0.0000e+00
   5.0100e+02   0.0000e+00   0.0000e+00
   5.0200e+02   0.0000e+00   0.0000e+00
   5.0300e+02   0.0000e+00   0.0000e+00
   5.0400e+02   0.0000e+00   0.0000e+00
   5.0500e+02   0.0000e+00   0.0000e+00
   5.0600e+02   0.0000e+00   0.0000e+00
   5.0700e+02   0.0000e+00   0.0000e+00
   5.0800e+02   0.0000e+00   0.0000e+00
   5.0900e+02   3.0491e+02   1.6649e+00
   5.1000e+02   3.1771e+02   3.3298e+00
   5.1100e+02   3.3875e+02   5.0824e+00
   5.1200e+02   3.2610e+02   6.7473e+00
   5.1300e+02   3.2715e+02   8.4122e+00
   5.1400e+02   3.2778e+02   1.0077e+01
   5.1500e+02   3.4330e+02   1.1830e+01
   5.1600e+02   3.2887e+02   1.3495e+01
   5.1700e+02   3.2944e+02   1.5159e+01
   5.1800e+02   3.3008e+02   1.6824e+01
   5.1900e+02   3.4579e+02   1.8577e+01
   5.2000e+02   3.7663e+02   2.0505e+01
   5.2100e+02   2.8752e+02   2.1907e+01
   5.2200e+02   3.3333e+02   2.3572e+01
   5.2300e+02   3.3430e+02   2.5237e+01
   5.2400e+02   3.5036e+02   2.6989e+01
   5.2500e+02   3.3649e+02   2.8654e+01
   5.2600e+02   3.3766e+02   3.0319e+01
   5.2700e+02   3.3890e+02   3.1984e+01
   5.2800e+02   3.5524e+02   3.3736e+01
   5.2900e+02   3.4164e+02   3.5401e+01
   5.3000e+02   3.4308e+02   3.7066e+01
   5.3100e+02   3.4458e+02   3.8731e+01
   5.3200e+02   3.6120e+02   4.0484e+01
   5.3300e+02   3.4787e+02   4.2149e+01
   5.3400e+02   3.4958e+02   4.3814e+01
   5.3500e+02   6.5159e+01   4.3814e+01
   5.3600e+02   6.5159e+01   4.3814e+01
   5.3700e+02   6.5159e+01   4.3814e+01
   5.3800e+02   6.5159e+01   4.3814e+01
   5.3900e+02   6.5159e+01   4.3814e+01
   5.4000e+02   6.5159e+01   4.3814e+01
   5.4100e+02   6.5159e+01   4.3814e+01
   5.4200e+02   6.5159e+01   4.3814e+01
   5.4300e+02   6.5159e+01   4.3814e+01
   5.4400e+02   6.5159e+01   4.3814e+01
   5.4500e+02   6.5159e+01   4.3814e+01
   5.4600e+02   6.5159e+01   4.3814e+01
   5.4700e+02  -2.2097e+02   4.2149e+01
   5.4800e+02  -2.2260e+02   4.0484e+01
   5.4900e+02  -2.0913e+02   3.8906e+01
   5.5000e+02  -2.2561e+02   3.7242e+01
   5.5100e+02  -2.2705e+02   3.5577e+01
   5.5200e+02  -2.1339e+02   3.3999e+01
   5.5300e+02  -2.2967e+02   3.2334e+01
   5.5400e+02  -2.3092e+02   3.0669e+01
   5.5500e+02   5.3497e+01   3.0669e+01
   5.5600e+02   5.3497e+01   3.0669e+01
   5.5700e+02   5.3497e+01   3.0669e+01
   5.5800e+02   5.3497e+01   3.0669e+01
   5.5900e+02   5.3497e+01   3.0669e+01
   5.6000e+02   5.3497e+01   3.0669e+01
   5.6100e+02   5.3497e+01   3.0669e+01
   5.6200e+02   5.3497e+01   3.0669e+01
   5.6300e+02   5.3497e+01   3.0669e+01
   5.6400e+02   5.3497e+01   3.0669e+01
   5.6500e+02   5.3497e+01   3.0669e+01
   5.6600e+02   5.3497e+01   3.0669e+01
   5.6700e+02   5.3497e+01   3.0669e+01
   5.6800e+02  -3.8240e+02   2.8128e+01
   5.6900e+02  -3.8402e+02   2.5587e+01
   5.7000e+02  -4.0051e+02   2.2958e+01
   5.7100e+02  -3.8686e+02   2.0417e+01
   5.7200e+02  -3.8802e+02   1.7876e+01
   5.7300e+02  -3.8903e+02   1.5335e+01
   5.7400e+02  -3.8990e+02   1.2794e+01
   5.7500e+02  -3.9070e+02   1.0252e+01
   5.7600e+02  -4.0677e+02   7.6235e+00
   5.7700e+02  -3.9476e+02   5.0824e+00
   5.7800e+02  -4.0582e+02   2.5412e+00
   5.7900e+02  -4.3411e+02   0.0000e+00
   5.8000e+02   0.0000e+00   0.0000e+00
   5.8100e+02   0.0000e+00   0.0000e+00
   5.8200e+02   0.0000e+00   0.0000e+00
   5.8300e+02   0.0000e+00   0.0000e+00
   5.8400e+02   0.0000e+00   0.0000e+00
   5.8500e+02   0.0000e+00   0.0000e+00
   5.8600e+02   0.0000e+00   0.0000e+00
   5.8700e+02   0.0000e+00   0.0000e+00
   5.8800e+02   0.0000e+00   0.0000e+00
   5.8900e+02   0.0000e+00   0.0000e+00
   5.9000e+02   0.0000e+00   0.0000e+00
   5.9100e+02   0.0000e+00   0.0000e+00
   5.9200e+02   0.0000e+00   0.0000e+00
   5.9300e+02   0.0000e+00   0.0000e+00
   5.9400e+02   0.0000e+00   0.0000e+00
   5.9500e+02   0.0000e+00   0.0000e+00
   5.9600e+02   0.0000e+00   0.0000e+00
   5.9700e+02   0.0000e+00   0.0000e+00
   5.9800e+02   0.0000e+00   0.0000e+00
   5.9900e+02   6.0213e+02   3.3298e+00
   6.0000e+02   5.9539e+02   6.5720e+00
   6.0100e+02   6.1214e+02   9.9019e+00
   6.0200e+02   5.9820e+02   1.3144e+01
   6.0300e+02   4.4330e+01   1.3144e+01
   6.0400e+02   4.4330e+01   1.3144e+01
   6.0500e+02   4.4330e+01   1.3144e+01
   6.0600e+02   4.4330e+01   1.3144e+01
   6.0700e+02   4.4330e+01   1.3144e+01
   6.0800e+02   4.4330e+01   1.3144e+01
   6.0900e+02   4.4330e+01   1.3144e+01
   6.1000e+02   4.4330e+01   1.3144e+01
   6.1100e+02  -4.0558e+02   1.0515e+01
   6.1200e+02  -4.0662e+02   7.8864e+00
   6.1300e+02  -4.0937e+02   5.2576e+00
   6.1400e+02  -4.2015e+02   2.6288e+00
   6.1500e+02  -4.4908e+02   0.0000e+00
   6.1600e+02   0.0000e+00   0.0000e+00
   6.1700e+02   0.0000e+00   0.0000e+00
   6.1800e+02   0.0000e+00   0.0000e+00
   6.1900e+02   0.0000e+00   0.0000e+00
   6.2000e+02   0.0000e+00   0.0000e+00
   6.2100e+02   0.0000e+00   0.0000e+00
   6.2200e+02   0.0000e+00   0.0000e+00
   6.2300e+02   0.0000e+00   0.0000e+00
   6.2400e+02   0.0000e+00   0.0000e+00
   6.2500e+02   0.0000e+00   0.0000e+00
   6.2600e+02   0.0000e+00   0.0000e+00
   6.2700e+02   0.0000e+00   0.0000e+00
   6.2800e+02   0.0000e+00   0.0000e+00
   6.2900e+02   0.0000e+00   0.0000e+00
   6.3000e+02   0.0000e+00   0.0000e+00
   6.3100e+02   0.0000e+00   0.0000e+00
   6.3200e+02   0.0000e+00   0.0000e+00
   6.3300e+02   0.0000e+00   0.0000e+00
   6.3400e+02   0.0000e+00   0.0000e+00
   6.3500e+02   0.0000e+00   0.0000e+00
   6.3600e+02   0.0000e+00   0.0000e+00
   6.3700e+02   4.3110e+02   2.3659e+00
   6.3800e+02   4.2753e+02   4.6442e+00
   6.3900e+02   4.4607e+02   7.0102e+00
   6.4000e+02   4.4729e+02   9.3761e+00
   6.4100e+02   4.3306e+02   1.1654e+01
   6.4200e+02   4.4880e+02   1.4020e+01
   6.4300e+02   4.4966e+02   1.6386e+01
   6.4400e+02   4.3565e+02   1.8665e+01
   6.4500e+02   4.5174e+02   2.1030e+01
   6.4600e+02   4.5299e+02   2.3396e+01
   6.4700e+02   4.3935e+02   2.5675e+01
   6.4800e+02   4.5583e+02   2.8041e+01
   6.4900e+02   5.1659e+01   2.8041e+01
   6.5000e+02   5.1659e+01   2.8041e+01
   6.5100e+02   5.1659e+01   2.8041e+01
   6.5200e+02   5.1659e+01   2.8041e+01
   6.5300e+02   5.1659e+01   2.8041e+01
   6.5400e+02   5.1659e+01   2.8041e+01
   6.5500e+02   5.1659e+01   2.8041e+01
   6.5600e+02   5.1659e+01   2.8041e+01
   6.5700e+02   5.1659e+01   2.8041e+01
   6.5800e+02   5.1659e+01   2.8041e+01
   6.5900e+02   5.1659e+01   2.8041e+01
   6.6000e+02   5.1659e+01   2.8041e+01
   6.6100e+02   5.1659e+01   2.8041e+01
   6.6200e+02   5.1659e+01   2.8041e+01
   6.6300e+02   5.1659e+01   2.8041e+01
   6.6400e+02   5.1659e+01   2.8041e+01
   6.6500e+02   5.1659e+01   2.8041e+01
   6.6600e+02   5.1659e+01   2.8041e+01
   6.6700e+02   5.1659e+01   2.8041e+01
   6.6800e+02   5.1659e+01   2.8041e+01
   6.6900e+02   5.1659e+01   2.8041e+01
   6.7000e+02   5.1659e+01   2.8041e+01
   6.7100e+02   5.1659e+01   2.8041e+01
   6.7200e+02   5.1659e+01   2.8041e+01
   6.7300e+02  -3.8408e+02   2.5499e+01
   6.7400e+02  -3.8554e+02   2.2958e+01
   6.7500e+02  -3.8686e+02   2.0417e+01
   6.7600e+02  -3.8802e+02   1.7876e+01
   6.7700e+02  -3.8903e+02   1.5335e+01
   6.7800e+02  -4.0489e+02   1.2706e+01
   6.7900e+02  -3.9072e+02   1.0165e+01
   6.8000e+02  -3.9180e+02   7.6235e+00
   6.8100e+02  -3.9476e+02   5.0824e+00
   6.8200e+02  -4.0582e+02   2.5412e+00
   6.8300e+02  -4.3411e+02   0.0000e+00
   6.8400e+02   0.0000e+00   0.0000e+00
   6.8500e+02   0.0000e+00   0.0000e+00
   6.8600e+02   0.0000e+00   0.0000e+00
   6.8700e+02   0.0000e+00   0.0000e+00
   6.8800e+02   0.0000e+00   0.0000e+00
   6.8900e+02   0.0000e+00   0.0000e+00
   6.9000e+02   0.0000e+00   0.0000e+00
   6.9100e+02   0.0000e+00   0.0000e+00
   6.9200e+02   0.0000e+00   0.0000e+00
   6.9300e+02   0.0000e+00   0.0000e+00
   6.9400e+02   0.0000e+00   0.0000e+00
   6.9500e+02   0.0000e+00   0.0000e+00
   6.9600e+02   0.0000e+00   0.0000e+00
   6.9700e+02   0.0000e+00   0.0000e+00
   6.9800e+02   0.0000e+00   0.0000e+00
   6.9900e+02   0.0000e+00   0.0000e+00
   7.0000e+02   0.0000e+00   0.0000e+00
   7.0100e+02   0.0000e+00   0.0000e+00
   7.0200e+02   0.0000e+00   0.0000e+00
   7.0300e+02   0.0000e+00   0.0000e+00
   7.0400e+02   0.0000e+00   0.0000e+00
   7.0500e+02   3.0491e+02   1.6649e+00
   7.0600e+02   3.1771e+02   3.3298e+00
   7.0700e+02   3.3875e+02   5.0824e+00
   7.0800e+02   3.2610e+02   6.7473e+00
   7.0900e+02   3.2715e+02   8.4122e+00
   7.1000e+02   3.2778e+02   1.0077e+01
   7.1100e+02   3.4330e+02   1.1830e+01
   7.1200e+02   3.2887e+02   1.3495e+01
   7.1300e+02   3.2944e+02   1.5159e+01
   7.1400e+02   3.3008e+02   1.6824e+01
   7.1500e+02   3.4579e+02   1.8577e+01
   7.1600e+02   3.7663e+02   2.0505e+01
   7.1700e+02   2.8752e+02   2.1907e+01
   7.1800e+02   3.3333e+02   2.3572e+01
   7.1900e+02   3.3430e+02   2.5237e+01
   7.2000e+02   3.5036e+02   2.6989e+01
   7.2100e+02   3.3649e+02   2.8654e+01
   7.2200e+02   3.3766e+02   3.0319e+01
   7.2300e+02   3.3890e+02   3.1984e+01
   7.2400e+02   3.5524e+02   3.3736e+01
   7.2500e+02   3.4164e+02   3.5401e+01
   7.2600e+02   3.4308e+02   3.7066e+01
   7.2700e+02   3.4458e+02   3.8731e+01
   7.2800e+02   3.6120e+02   4.0484e+01
   7.2900e+02   3.4787e+02   4.2149e+01
   7.3000e+02   3.4958e+02   4.3814e+01
   7.3100e+02   6.5159e+01   4.3814e+01
   7.3200e+02   6.5159e+01   4.3814e+01
   7.3300e+02   6.5159e+01   4.3814e+01
   7.3400e+02   6.5159e+01   4.3814e+01
   7.3500e+02   6.5159e+01   4.3814e+01
   7.3600e+02   6.5159e+01   4.3814e+01
   7.3700e+02   6.5159e+01   4.3814e+01
   7.3800e+02   6.5159e+01   4.3814e+01
   7.3900e+02   6.5159e+01   4.3814e+01
   7.4000e+02   6.5159e+01   4.3814e+01
   7.4100e+02   6.5159e+01   4.3814e+01
   7.4200e+02   6.5159e+01   4.3814e+01
   7.4300e+02  -2.2097e+02   4.2149e+01
   7.4400e+02  -2.2260e+02   4.0484e+01
   7.4500e+02  -2.0913e+02   3.8906e+01
   7.4600e+02  -2.2561e+02   3.7242e+01
   7.4700e+02  -2.2705e+02   3.5577e+01
   7.4800e+02  -2.1339e+02   3.3999e+01
   7.4900e+02  -2.2967e+02   3.2334e+01
   7.5000e+02  -2.3092e+02   3.0669e+01
   7.5100e+02   5.3497e+01   3.0669e+01
   7.5200e+02   5.3497e+01   3.0669e+01
   7.5300e+02   5.3497e+01   3.0669e+01
   7.5400e+02   5.3497e+01   3.0669e+01
   7.5500e+02   5.3497e+01   3.0669e+01
   7.5600e+02   5.3497e+01   3.0669e+01
   7.5700e+02   5.3497e+01   3.0669e+01
   7.5800e+02   5.3497e+01   3.0669e+01
   7.5900e+02   5.3497e+01   3.0669e+01
   7.6000e+02   5.3497e+01   3.0669e+01
   7.6100e+02   5.3497e+01   3.0669e+01
   7.6200e+02   5.3497e+01   3.0669e+01
   7.6300e+02   5.3497e+01   3.0669e+01
   7.6400e+02  -3.8240e+02   2.8128e+01
   7.6500e+02  -3.8402e+02   2.5587e+01
   7.6600e+02  -4.0051e+02   2.2958e+01
   7.6700e+02  -3.8686e+02   2.0417e+01
   7.6800e+02  -3.8802e+02   1.7876e+01
   7.6900e+02  -3.8903e+02   1.5335e+01
   7.7000e+02  -3.8990e+02   1.2794e+01
   7.7100e+02  -3.9070e+02   1.0252e+01
   7.7200e+02  -4.0677e+02   7.6235e+00
   7.7300e+02  -3.9476e+02   5.0824e+00
   7.7400e+02  -4.0582e+02   2.5412e+00
   7.7500e+02  -4.3411e+02   0.0000e+00
   7.7600e+02   0.0000e+00   0.0000e+00
   7.7700e+02   0.0000e+00   0.0000e+00
   7.7800e+02   0.0000e+00   0.0000e+00
   7.7900e+02   0.0000e+00   0.0000e+00
   7.8000e+02   0.0000e+00   0.0000e+00
   7.8100e+02   0.0000e+00   0.0000e+00
   7.8200e+02   0.0000e+00   0.0000e+00
   7.8300e+02   0.0000e+00   0.0000e+00
   7.8400e+02   0.0000e+00   0.0000e+00
   7.8500e+02   0.0000e+00   0.0000e+00
   7.8600e+02   0.0000e+00   0.0000e+00
   7.8700e+02   0.0000e+00   0.0000e+00
   7.8800e+02   0.0000e+00   0.0000e+00
   7.8900e+02   0.0000e+00   0.0000e+00
   7.9000e+02   0.0000e+00   0.0000e+00
   7.9100e+02   0.0000e+00   0.0000e+00
   7.9200e+02   0.0000e+00   0.0000e+00
   7.9300e+02   0.0000e+00   0.0000e+00
   7.9400e+02   0.0000e+00   0.0000e+00
   7.9500e+02   0.0000e+00   0.0000e+00
   7.9600e+02   0.0000e+00   0.0000e+00
   7.9700e+02   0.0000e+00   0.0000e+00
   7.9800e+02   0.0000e+00   0.0000e+00
   7.9900e+02   0.0000e+00   0.0000e+00
   8.0000e+02   0.0000e+00   0.0000e+00
   8.0100e+02   0.0000e+00   0.0000e+00
   8.0200e+02   0.0000e+00   0.0000e+00
   8.0300e+02   0.0000e+00   0.0000e+00
   8.0400e+02   4.7802e+02   2.6288e+00
   8.0500e+02   4.8879e+02   5.2576e+00
   8.0600e+02   4.9155e+02   7.8864e+00
   8.0700e+02   4.9259e+02   1.0515e+01
   8.0800e+02   4.9341e+02   1.3144e+01
   8.0900e+02   4.4330e+01   1.3144e+01
   8.1000e+02   4.4330e+01   1.3144e+01
   8.1100e+02   3.7432e+02   1.5072e+01
   8.1200e+02   3.7506e+02   1.7000e+01
   8.1300e+02   3.9090e+02   1.9015e+01
   8.1400e+02   3.7684e+02   2.0943e+01
   8.1500e+02   3.7785e+02   2.2871e+01
   8.1600e+02   3.7895e+02   2.4798e+01
   8.1700e+02   3.9515e+02   2.6814e+01
   8.1800e+02   3.8146e+02   2.8742e+01
   8.1900e+02   3.8282e+02   3.0669e+01
   8.2000e+02   5.3497e+01   3.0669e+01
   8.2100e+02   5.3497e+01   3.0669e+01
   8.2200e+02   3.3917e+02   3.2334e+01
   8.2300e+02   3.4048e+02   3.3999e+01
   8.2400e+02   3.2682e+02   3.5577e+01
   8.2500e+02   3.4323e+02   3.7242e+01
   8.2600e+02   3.4474e+02   3.8906e+01
   8.2700e+02   3.4632e+02   4.0571e+01
   8.2800e+02   3.3290e+02   4.2149e+01
   8.2900e+02   3.4958e+02   4.3814e+01
   8.3000e+02   6.5159e+01   4.3814e+01
   8.3100e+02   6.5159e+01   4.3814e+01
   8.3200e+02   2.9109e+02   4.5128e+01
   8.3300e+02   3.0759e+02   4.6530e+01
   8.3400e+02   2.9410e+02   4.7844e+01
   8.3500e+02   3.1069e+02   4.9246e+01
   8.3600e+02   2.9729e+02   5.0561e+01
   8.3700e+02   2.9889e+02   5.1875e+01
   8.3800e+02   3.1561e+02   5.3277e+01
   8.3900e+02   3.0233e+02   5.4592e+01
   8.4000e+02   3.0406e+02   5.5906e+01
   8.4100e+02   3.2092e+02   5.7308e+01
   8.4200e+02   3.0777e+02   5.8623e+01
   8.4300e+02   3.2472e+02   6.0025e+01
   8.4400e+02   3.1165e+02   6.1339e+01
   8.4500e+02   8.7110e+01   6.1339e+01
   8.4600e+02   8.7110e+01   6.1339e+01
   8.4700e+02   8.7110e+01   6.1339e+01
   8.4800e+02   8.7110e+01   6.1339e+01
   8.4900e+02   8.7110e+01   6.1339e+01
   8.5000e+02   8.7110e+01   6.1339e+01
   8.5100e+02   8.7110e+01   6.1339e+01
   8.5200e+02   8.7110e+01   6.1339e+01
   8.5300e+02   8.7110e+01   6.1339e+01
   8.5400e+02   8.7110e+01   6.1339e+01
   8.5500e+02   8.7110e+01   6.1339e+01
   8.5600e+02   8.7110e+01   6.1339e+01
   8.5700e+02   8.7110e+01   6.1339e+01
   8.5800e+02   8.7110e+01   6.1339e+01
   8.5900e+02   8.7110e+01   6.1339e+01
   8.6000e+02   8.7110e+01   6.1339e+01
   8.6100e+02   8.7110e+01   6.1339e+01
   8.6200e+02   8.7110e+01   6.1339e+01
   8.6300e+02   8.7110e+01   6.1339e+01
   8.6400e+02   8.7110e+01   6.1339e+01
   8.6500e+02   8.7110e+01   6.1339e+01
   8.6600e+02   8.7110e+01   6.1339e+01
   8.6700e+02   8.7110e+01   6.1339e+01
   8.6800e+02   8.7110e+01   6.1339e+01
   8.6900e+02   8.7110e+01   6.1339e+01
   8.7000e+02   8.7110e+01   6.1339e+01
   8.7100e+02   8.7110e+01   6.1339e+01
   8.7200e+02   8.7110e+01   6.1339e+01
   8.7300e+02   8.7110e+01   6.1339e+01
   8.7400e+02   8.7110e+01   6.1339e+01
   8.7500e+02   8.7110e+01   6.1339e+01
   8.7600e+02   8.7110e+01   6.1339e+01
   8.7700e+02   8.7110e+01   6.1339e+01
   8.7800e+02   8.7110e+01   6.1339e+01
   8.7900e+02   8.7110e+01   6.1339e+01
   8.8000e+02   8.7110e+01   6.1339e+01
   8.8100e+02   8.7110e+01   6.1339e+01
   8.8200e+02   8.7110e+01   6.1339e+01
   8.8300e+02   8.7110e+01   6.1339e+01
   8.8400e+02   8.7110e+01   6.1339e+01
   8.8500e+02   8.7110e+01   6.1339e+01
   8.8600e+02   8.7110e+01   6.1339e+01
   8.8700e+02   8.7110e+01   6.1339e+01
   8.8800e+02   8.7110e+01   6.1339e+01
   8.8900e+02   8.7110e+01   6.1339e+01
   8.9000e+02   8.7110e+01   6.1339e+01
   8.9100e+02   8.7110e+01   6.1339e+01
   8.9200e+02   8.7110e+01   6.1339e+01
   8.9300e+02   8.7110e+01   6.1339e+01
   8.9400e+02   8.7110e+01   6.1339e+01
   8.9500e+02  -2.9027e+02   5.9148e+01
   8.9600e+02  -2.9330e+02   5.6958e+01
   8.9700e+02  -2.9622e+02   5.4767e+01
   8.9800e+02  -2.9902e+02   5.2576e+01
   8.9900e+02  -3.0170e+02   5.0386e+01
   9.0000e+02  -3.0428e+02   4.8195e+01
   9.0100e+02  -3.0673e+02   4.6004e+01
   9.0200e+02  -3.0908e+02   4.3814e+01
   9.0300e+02   6.5159e+01   4.3814e+01
   9.0400e+02   6.5159e+01   4.3814e+01
   9.0500e+02   6.5159e+01   4.3814e+01
   9.0600e+02   6.5159e+01   4.3814e+01
   9.0700e+02   6.5159e+01   4.3814e+01
   9.0800e+02   6.5159e+01   4.3814e+01
   9.0900e+02   6.5159e+01   4.3814e+01
   9.1000e+02   6.5159e+01   4.3814e+01
   9.1100e+02   6.5159e+01   4.3814e+01
   9.1200e+02   6.5159e+01   4.3814e+01
   9.1300e+02   6.5159e+01   4.3814e+01
   9.1400e+02   6.5159e+01   4.3814e+01
   9.1500e+02   6.5159e+01   4.3814e+01
   9.1600e+02   6.5159e+01   4.3814e+01
   9.1700e+02   6.5159e+01   4.3814e+01
   9.1800e+02   6.5159e+01   4.3814e+01
   9.1900e+02   6.5159e+01   4.3814e+01
   9.2000e+02   6.5159e+01   4.3814e+01
   9.2100e+02   6.5159e+01   4.3814e+01
   9.2200e+02   6.5159e+01   4.3814e+01
   9.2300e+02   6.5159e+01   4.3814e+01
   9.2400e+02   6.5159e+01   4.3814e+01
   9.2500e+02   6.5159e+01   4.3814e+01
   9.2600e+02   6.5159e+01   4.3814e+01
   9.2700e+02   6.5159e+01   4.3814e+01
   9.2800e+02   6.5159e+01   4.3814e+01
   9.2900e+02   6.5159e+01   4.3814e+01
   9.3000e+02   6.5159e+01   4.3814e+01
   9.3100e+02   6.5159e+01   4.3814e+01
   9.3200e+02   6.5159e+01   4.3814e+01
   9.3300e+02   6.5159e+01   4.3814e+01
   9.3400e+02   6.5159e+01   4.3814e+01
   9.3500e+02   6.5159e+01   4.3814e+01
   9.3600e+02   6.5159e+01   4.3814e+01
   9.3700e+02   6.5159e+01   4.3814e+01
   9.3800e+02   6.5159e+01   4.3814e+01
   9.3900e+02   6.5159e+01   4.3814e+01
   9.4000e+02   6.5159e+01   4.3814e+01
   9.4100e+02   6.5159e+01   4.3814e+01
   9.4200e+02   6.5159e+01   4.3814e+01
   9.4300e+02   6.5159e+01   4.3814e+01
   9.4400e+02   6.5159e+01   4.3814e+01
   9.4500e+02   6.5159e+01   4.3814e+01
   9.4600e+02   6.5159e+01   4.3814e+01
   9.4700e+02   6.5159e+01   4.3814e+01
   9.4800e+02   6.5159e+01   4.3814e+01
   9.4900e+02   6.5159e+01   4.3814e+01
   9.5000e+02   6.5159e+01   4.3814e+01
   9.5100e+02   6.5159e+01   4.3814e+01
   9.5200e+02   6.5159e+01   4.3814e+01
   9.5300e+02   6.5159e+01   4.3814e+01
   9.5400e+02   6.5159e+01   4.3814e+01
   9.5500e+02   6.5159e+01   4.3814e+01
   9.5600e+02   6.5159e+01   4.3814e+01
   9.5700e+02   6.5159e+01   4.3814e+01
   9.5800e+02   6.5159e+01   4.3814e+01
   9.5900e+02   6.5159e+01   4.3814e+01
   9.6000e+02   6.5159e+01   4.3814e+01
   9.6100e+02   6.5159e+01   4.3814e+01
   9.6200e+02   6.5159e+01   4.3814e+01
   9.6300e+02   6.5159e+01   4.3814e+01
   9.6400e+02   6.5159e+01   4.3814e+01
   9.6500e+02   6.5159e+01   4.3814e+01
   9.6600e+02   6.5159e+01   4.3814e+01
   9.6700e+02   6.5159e+01   4.3814e+01
   9.6800e+02   6.5159e+01   4.3814e+01
   9.6900e+02   6.5159e+01   4.3814e+01
   9.7000e+02   6.5159e+01   4.3814e+01
   9.7100e+02   6.5159e+01   4.3814e+01
   9.7200e+02   2.9109e+02   4.5128e+01
   9.7300e+02   3.0759e+02   4.6530e+01
   9.7400e+02   2.9410e+02   4.7844e+01
   9.7500e+02   3.1069e+02   4.9246e+01
   9.7600e+02   2.9729e+02   5.0561e+01
   9.7700e+02   2.9889e+02   5.1875e+01
   9.7800e+02   3.1561e+02   5.3277e+01
   9.7900e+02   3.0233e+02   5.4592e+01
   9.8000e+02   3.0406e+02   5.5906e+01
   9.8100e+02   3.2092e+02   5.7308e+01
   9.8200e+02   3.0777e+02   5.8623e+01
   9.8300e+02   3.2472e+02   6.0025e+01
   9.8400e+02   3.1165e+02   6.1339e+01
   9.8500e+02   8.7110e+01   6.1339e+01
   9.8600e+02   8.7110e+01   6.1339e+01
   9.8700e+02   8.7110e+01   6.1339e+01
   9.8800e+02   8.7110e+01   6.1339e+01
   9.8900e+02   8.7110e+01   6.1339e+01
   9.9000e+02   8.7110e+01   6.1339e+01
   9.9100e+02   8.7110e+01   6.1339e+01
   9.9200e+02   8.7110e+01   6.1339e+01
   9.9300e+02   8.7110e+01   6.1339e+01
   9.9400e+02   8.7110e+01   6.1339e+01
   9.9500e+02   8.7110e+01   6.1339e+01
   9.9600e+02   8.7110e+01   6.1339e+01
   9.9700e+02   8.7110e+01   6.1339e+01
   9.9800e+02   8.7110e+01   6.1339e+01
   9.9900e+02   8.7110e+01   6.1339e+01
   1.0000e+03   8.7110e+01   6.1339e+01
   1.0010e+03   8.7110e+01   6.1339e+01
   1.0020e+03   8.7110e+01   6.1339e+01
   1.0030e+03   8.7110e+01   6.1339e+01
   1.0040e+03   8.7110e+01   6.1339e+01
   1.0050e+03   8.7110e+01   6.1339e+01
   1.0060e+03   8.7110e+01   6.1339e+01
   1.0070e+03   8.7110e+01   6.1339e+01
   1.0080e+03   8.7110e+01   6.1339e+01
   1.0090e+03   8.7110e+01   6.1339e+01
   1.0100e+03   8.7110e+01   6.1339e+01
   1.0110e+03   8.7110e+01   6.1339e+01
   1.0120e+03   8.7110e+01   6.1339e+01
   1.0130e+03   8.7110e+01   6.1339e+01
   1.0140e+03   8.7110e+01   6.1339e+01
   1.0150e+03   8.7110e+01   6.1339e+01
   1.0160e+03   8.7110e+01   6.1339e+01
   1.0170e+03   8.7110e+01   6.1339e+01
   1.0180e+03   8.7110e+01   6.1339e+01
   1.0190e+03   8.7110e+01   6.1339e+01
   1.0200e+03   8.7110e+01   6.1339e+01
   1.0210e+03   8.7110e+01   6.1339e+01
   1.0220e+03   8.7110e+01   6.1339e+01
   1.0230e+03   8.7110e+01   6.1339e+01
   1.0240e+03   8.7110e+01   6.1339e+01
   1.0250e+03   8.7110e+01   6.1339e+01
   1.0260e+03   8.7110e+01   6.1339e+01
   1.0270e+03   8.7110e+01   6.1339e+01
   1.0280e+03   8.7110e+01   6.1339e+01
   1.0290e+03   8.7110e+01   6.1339e+01
   1.0300e+03   8.7110e+01   6.1339e+01
   1.0310e+03   8.7110e+01   6.1339e+01
   1.0320e+03   8.7110e+01   6.1339e+01
   1.0330e+03   8.7110e+01   6.1339e+01
   1.0340e+03   8.7110e+01   6.1339e+01
   1.0350e+03   2.2299e+02   6.2128e+01
   1.0360e+03   2.0907e+02   6.2829e+01
   1.0370e+03   2.2523e+02   6.3617e+01
   1.0380e+03   2.1132e+02   6.4318e+01
   1.0390e+03   2.2751e+02   6.5107e+01
   1.0400e+03   2.1363e+02   6.5808e+01
   1.0410e+03   2.2985e+02   6.6597e+01
   1.0420e+03   2.3111e+02   6.7385e+01
   1.0430e+03   2.1727e+02   6.8086e+01
   1.0440e+03   2.3352e+02   6.8875e+01
   1.0450e+03   2.1971e+02   6.9576e+01
   1.0460e+03   2.3599e+02   7.0365e+01
   1.0470e+03   2.2221e+02   7.1066e+01
   1.0480e+03   2.3852e+02   7.1854e+01
   1.0490e+03   2.3988e+02   7.2643e+01
   1.0500e+03   2.2612e+02   7.3344e+01
   1.0510e+03   2.4248e+02   7.4132e+01
   1.0520e+03   2.2875e+02   7.4834e+01
   1.0530e+03   2.4514e+02   7.5622e+01
   1.0540e+03   2.3144e+02   7.6323e+01
   1.0550e+03   2.4785e+02   7.7112e+01
   1.0560e+03   2.4930e+02   7.7900e+01
   1.0570e+03   2.3564e+02   7.8601e+01
   1.0580e+03   2.5209e+02   7.9390e+01
   1.0590e+03   2.3846e+02   8.0091e+01
   1.0600e+03   2.5494e+02   8.0880e+01
   1.0610e+03   2.4133e+02   8.1581e+01
   1.0620e+03   2.5783e+02   8.2369e+01
   1.0630e+03   2.5939e+02   8.3158e+01
   1.0640e+03   2.4581e+02   8.3859e+01
   1.0650e+03   2.6237e+02   8.4648e+01
   1.0660e+03   2.4882e+02   8.5349e+01
   1.0670e+03   2.6540e+02   8.6137e+01
   1.0680e+03   2.5187e+02   8.6838e+01
   1.0690e+03   2.6848e+02   8.7627e+01
   1.0700e+03   1.3376e+02   8.7627e+01
   1.0710e+03   1.3376e+02   8.7627e+01
   1.0720e+03   1.3376e+02   8.7627e+01
   1.0730e+03   1.3376e+02   8.7627e+01
   1.0740e+03   1.3376e+02   8.7627e+01
   1.0750e+03   1.3376e+02   8.7627e+01
   1.0760e+03   1.3376e+02   8.7627e+01
   1.0770e+03   1.3376e+02   8.7627e+01
   1.0780e+03   1.3376e+02   8.7627e+01
   1.0790e+03   1.3376e+02   8.7627e+01
   1.0800e+03   1.3376e+02   8.7627e+01
   1.0810e+03   1.3376e+02   8.7627e+01
   1.0820e+03   1.3376e+02   8.7627e+01
   1.0830e+03   1.3376e+02   8.7627e+01
   1.0840e+03   1.3376e+02   8.7627e+01
   1.0850e+03   1.3376e+02   8.7627e+01
   1.0860e+03   1.3376e+02   8.7627e+01
   1.0870e+03   1.3376e+02   8.7627e+01
   1.0880e+03   1.3376e+02   8.7627e+01
   1.0890e+03   1.3376e+02   8.7627e+01
   1.0900e+03   1.3376e+02   8.7627e+01
   1.0910e+03   1.3376e+02   8.7627e+01
   1.0920e+03   1.3376e+02   8.7627e+01
   1.0930e+03   1.3376e+02   8.7627e+01
   1.0940e+03   1.3376e+02   8.7627e+01
   1.0950e+03   1.3376e+02   8.7627e+01
   1.0960e+03   1.3376e+02   8.7627e+01
   1.0970e+03   1.3376e+02   8.7627e+01
   1.0980e+03   1.3376e+02   8.7627e+01
   1.0990e+03   1.3376e+02   8.7627e+01
   1.1000e+03   2.8529e+02   8.8503e+01
   1.1010e+03   2.8715e+02   8.9380e+01
   1.1020e+03   2.8902e+02   9.0256e+01
   1.1030e+03   2.9091e+02   9.1132e+01
   1.1040e+03   2.9283e+02   9.2008e+01
   1.1050e+03   2.9476e+02   9.2885e+01
   1.1060e+03   2.9670e+02   9.3761e+01
   1.1070e+03   2.9867e+02   9.4637e+01
   1.1080e+03   3.0065e+02   9.5513e+01
   1.1090e+03   3.0266e+02   9.6390e+01
   1.1100e+03   3.0468e+02   9.7266e+01
   1.1110e+03   3.0672e+02   9.8142e+01
   1.1120e+03   3.0878e+02   9.9019e+01
   1.1130e+03   3.1085e+02   9.9895e+01
   1.1140e+03   3.1295e+02   1.0077e+02
   1.1150e+03   3.1506e+02   1.0165e+02
   1.1160e+03   3.1719e+02   1.0252e+02
   1.1170e+03   3.1934e+02   1.0340e+02
   1.1180e+03   3.2151e+02   1.0428e+02
   1.1190e+03   3.2369e+02   1.0515e+02
   1.1200e+03   1.7400e+02   1.0515e+02
   1.1210e+03   1.7400e+02   1.0515e+02
   1.1220e+03   1.7400e+02   1.0515e+02
   1.1230e+03   1.7400e+02   1.0515e+02
   1.1240e+03   1.7400e+02   1.0515e+02
   1.1250e+03   1.7400e+02   1.0515e+02
   1.1260e+03   1.7400e+02   1.0515e+02
   1.1270e+03   1.7400e+02   1.0515e+02
   1.1280e+03   1.7400e+02   1.0515e+02
   1.1290e+03   1.7400e+02   1.0515e+02
   1.1300e+03  -2.0567e+02   1.0296e+02
   1.1310e+03  -2.1098e+02   1.0077e+02
   1.1320e+03  -2.1619e+02   9.8580e+01
   1.1330e+03  -2.2127e+02   9.6390e+01
   1.1340e+03  -2.2625e+02   9.4199e+01
   1.1350e+03  -2.3111e+02   9.2008e+01
   1.1360e+03  -2.3585e+02   8.9818e+01
   1.1370e+03  -2.4048e+02   8.7627e+01
   1.1380e+03  -2.4500e+02   8.5436e+01
   1.1390e+03  -2.4940e+02   8.3246e+01
   1.1400e+03  -2.5369e+02   8.1055e+01
   1.1410e+03  -2.5786e+02   7.8864e+01
   1.1420e+03  -2.6192e+02   7.6674e+01
   1.1430e+03  -2.6586e+02   7.4483e+01
   1.1440e+03  -2.6969e+02   7.2292e+01
   1.1450e+03  -2.7341e+02   7.0102e+01
   1.1460e+03  -4.5833e+02   6.6859e+01
   1.1470e+03  -4.7847e+02   6.3530e+01
   1.1480e+03  -4.6828e+02   6.0287e+01
   1.1490e+03  -4.8790e+02   5.6958e+01
   1.1500e+03  -4.7721e+02   5.3715e+01
   1.1510e+03  -4.9631e+02   5.0386e+01
   1.1520e+03  -4.8510e+02   4.7143e+01
   1.1530e+03  -5.0368e+02   4.3814e+01
   1.1540e+03  -6.8766e+02   3.9432e+01
   1.1550e+03  -6.9155e+02   3.5051e+01
   1.1560e+03  -6.9498e+02   3.0669e+01
   1.1570e+03  -6.9795e+02   2.6288e+01
   1.1580e+03  -7.0046e+02   2.1907e+01
   1.1590e+03  -7.0252e+02   1.7525e+01
   1.1600e+03  -7.0414e+02   1.3144e+01
   1.1610e+03  -7.0559e+02   8.7627e+00
   1.1620e+03  -7.1090e+02   4.3814e+00
   1.1630e+03  -7.4847e+02   0.0000e+00
   1.1640e+03   0.0000e+00   0.0000e+00
   1.1650e+03   0.0000e+00   0.0000e+00
   1.1660e+03   0.0000e+00   0.0000e+00
   1.1670e+03   0.0000e+00   0.0000e+00
   1.1680e+03   0.0000e+00   0.0000e+00
   1.1690e+03   0.0000e+00   0.0000e+00
   1.1700e+03   0.0000e+00   0.0000e+00
   1.1710e+03   0.0000e+00   0.0000e+00
   1.1720e+03   0.0000e+00   0.0000e+00
   1.1730e+03   0.0000e+00   0.0000e+00
   1.1740e+03   0.0000e+00   0.0000e+00
   1.1750e+03   0.0000e+00   0.0000e+00
   1.1760e+03   0.0000e+00   0.0000e+00
   1.1770e+03   0.0000e+00   0.0000e+00
   1.1780e+03   0.0000e+00   0.0000e+00
   1.1790e+03   0.0000e+00   0.0000e+00
   1.1800e+03   0.0000e+00   0.0000e+00
   1.1810e+03   0.0000e+00   0.0000e+00
   1.1820e+03   0.0000e+00   0.0000e+00
   1.1830e+03   0.0000e+00   0.0000e+00
