   0.0000e+00   0.0000e+00   0.0000e+00
   1.0000e+00   0.0000e+00   0.0000e+00
   2.0000e+00   0.0000e+00   0.0000e+00
   3.0000e+00   0.0000e+00   0.0000e+00
   4.0000e+00   0.0000e+00   0.0000e+00
   5.0000e+00   0.0000e+00   0.0000e+00
   6.0000e+00   0.0000e+00   0.0000e+00
   7.0000e+00   0.0000e+00   0.0000e+00
   8.0000e+00   0.0000e+00   0.0000e+00
   9.0000e+00   0.0000e+00   0.0000e+00
   1.0000e+01   0.0000e+00   0.0000e+00
   1.1000e+01   0.0000e+00   0.0000e+00
   1.2000e+01   0.0000e+00   0.0000e+00
   1.3000e+01   0.0000e+00   0.0000e+00
   1.4000e+01   0.0000e+00   0.0000e+00
   1.5000e+01   0.0000e+00   0.0000e+00
   1.6000e+01   0.0000e+00   0.0000e+00
   1.7000e+01   0.0000e+00   0.0000e+00
   1.8000e+01   0.0000e+00   0.0000e+00
   1.9000e+01   0.0000e+00   0.0000e+00
   2.0000e+01   0.0000e+00   0.0000e+00
   2.1000e+01   7.5981e+02   4.2306e+00
   2.2000e+01   7.4133e+02   8.3203e+00
   2.3000e+01   6.9441e+02   1.2128e+01
   2.4000e+01   7.4405e+02   1.6217e+01
   2.5000e+01   7.2181e+02   2.0166e+01
   2.6000e+01   6.7538e+02   2.3833e+01
   2.7000e+01   1.4579e+02   2.4397e+01
   2.8000e+01   2.4271e+02   2.5525e+01
   2.9000e+01   6.7876e+02   2.9191e+01
   3.0000e+01   2.9446e+02   3.0602e+01
   3.1000e+01   2.2273e+02   3.1589e+01
   3.2000e+01   7.8386e+01   3.1730e+01
   3.3000e+01  -4.2390e+01   3.1166e+01
   3.4000e+01  -9.1362e+01   3.0320e+01
   3.5000e+01  -9.1965e+01   2.9473e+01
   3.6000e+01  -6.8203e+01   2.8769e+01
   3.7000e+01  -9.3025e+01   2.7922e+01
   3.8000e+01  -6.2538e+02   2.3974e+01
   3.9000e+01  -4.5842e+02   2.1012e+01
   4.0000e+01   4.7552e+01   2.1012e+01
   4.1000e+01   1.2007e+02   2.1435e+01
   4.2000e+01   1.2029e+02   2.1859e+01
   4.3000e+01   1.6886e+02   2.2564e+01
   4.4000e+01   3.1418e+02   2.4115e+01
   4.5000e+01   5.3265e+02   2.6935e+01
   4.6000e+01   5.3471e+02   2.9756e+01
   4.7000e+01   4.3996e+02   3.2012e+01
   4.8000e+01   1.0292e+02   3.2294e+01
   4.9000e+01   6.2978e+00   3.2012e+01
   5.0000e+01   3.0291e+01   3.1871e+01
   5.1000e+01  -2.6012e+02   3.0038e+01
   5.2000e+01  -5.0317e+02   2.6795e+01
   5.3000e+01  -4.0855e+02   2.4115e+01
   5.4000e+01  -2.6495e+02   2.2282e+01
   5.5000e+01   4.8207e+01   2.2282e+01
   5.6000e+01   5.0733e+02   2.4961e+01
   5.7000e+01   5.5755e+02   2.7922e+01
   5.8000e+01   4.8701e+02   3.0461e+01
   5.9000e+01   4.4051e+02   3.2717e+01
   6.0000e+01   2.9702e+02   3.4127e+01
   6.1000e+01   1.5303e+02   3.4692e+01
   6.2000e+01   1.2928e+02   3.5115e+01
   6.3000e+01   8.1200e+01   3.5256e+01
   6.4000e+01  -3.9775e+01   3.4692e+01
   6.5000e+01   3.2411e+01   3.4550e+01
   6.6000e+01   1.0495e+02   3.4833e+01
   6.7000e+01   8.0963e+01   3.4974e+01
   6.8000e+01   3.2645e+01   3.4833e+01
   6.9000e+01   3.2528e+01   3.4692e+01
   7.0000e+01   5.6629e+01   3.4692e+01
   7.1000e+01   1.7772e+02   3.5397e+01
   7.2000e+01   1.7817e+02   3.6101e+01
   7.3000e+01   8.2040e+01   3.6243e+01
   7.4000e+01  -1.4727e+01   3.5819e+01
   7.5000e+01  -6.3374e+01   3.5115e+01
   7.6000e+01   8.1200e+01   3.5256e+01
   7.7000e+01   1.5383e+02   3.5819e+01
   7.8000e+01   2.0291e+02   3.6666e+01
   7.9000e+01   5.8307e+01   3.6666e+01
   8.0000e+01  -1.4363e+01   3.6243e+01
   8.1000e+01   1.5483e+02   3.6807e+01
   8.2000e+01   2.0364e+02   3.7652e+01
   8.3000e+01   2.5301e+02   3.8781e+01
   8.4000e+01   3.2663e+02   4.0332e+01
   8.5000e+01   2.3134e+02   4.1320e+01
   8.6000e+01   1.8368e+02   4.2024e+01
   8.7000e+01   1.3606e+02   4.2447e+01
   8.8000e+01   1.3649e+02   4.2871e+01
   8.9000e+01   1.3692e+02   4.3294e+01
   9.0000e+01   6.4619e+01   4.3294e+01
   9.1000e+01   1.6128e+01   4.3012e+01
   9.2000e+01   4.0084e+01   4.2871e+01
   9.3000e+01   3.9940e+01   4.2730e+01
   9.4000e+01   8.8286e+01   4.2871e+01
   9.5000e+01   1.6117e+02   4.3435e+01
   9.6000e+01  -3.2218e+01   4.2871e+01
   9.7000e+01  -5.7033e+01   4.2165e+01
   9.8000e+01  -3.3345e+01   4.1602e+01
   9.9000e+01   1.3548e+02   4.2024e+01
   1.0000e+02   1.8455e+02   4.2730e+01
   1.0100e+02   1.6102e+02   4.3294e+01
   1.0200e+02   1.1311e+02   4.3576e+01
   1.0300e+02   8.9159e+01   4.3717e+01
   1.0400e+02   4.0811e+01   4.3576e+01
   1.0500e+02  -5.6319e+01   4.2871e+01
   1.0600e+02  -8.1276e+01   4.2024e+01
   1.0700e+02   8.7571e+01   4.2165e+01
   1.0800e+02   1.3620e+02   4.2589e+01
   1.0900e+02   1.8512e+02   4.3294e+01
   1.1000e+02   1.8586e+02   4.3999e+01
   1.1100e+02   2.1070e+02   4.4845e+01
   1.1200e+02   1.6326e+02   4.5409e+01
   1.1300e+02   1.1536e+02   4.5691e+01
   1.1400e+02   1.8653e+01   4.5409e+01
   1.1500e+02  -5.4407e+01   4.4704e+01
   1.1600e+02  -6.8516e+02   4.0332e+01
   1.1700e+02  -7.3757e+02   3.5678e+01
   1.1800e+02  -7.4112e+02   3.1025e+01
   1.1900e+02  -7.4445e+02   2.6371e+01
   1.2000e+02  -7.4712e+02   2.1717e+01
   1.2100e+02  -7.4927e+02   1.7064e+01
   1.2200e+02  -7.5093e+02   1.2410e+01
   1.2300e+02  -7.5257e+02   7.7562e+00
   1.2400e+02  -7.6297e+02   3.1025e+00
   1.2500e+02  -5.3001e+02   0.0000e+00
   1.2600e+02   0.0000e+00   0.0000e+00
   1.2700e+02   0.0000e+00   0.0000e+00
   1.2800e+02   0.0000e+00   0.0000e+00
   1.2900e+02   0.0000e+00   0.0000e+00
   1.3000e+02   0.0000e+00   0.0000e+00
   1.3100e+02   0.0000e+00   0.0000e+00
   1.3200e+02   0.0000e+00   0.0000e+00
   1.3300e+02   0.0000e+00   0.0000e+00
   1.3400e+02   0.0000e+00   0.0000e+00
   1.3500e+02   0.0000e+00   0.0000e+00
   1.3600e+02   0.0000e+00   0.0000e+00
   1.3700e+02   0.0000e+00   0.0000e+00
   1.3800e+02   0.0000e+00   0.0000e+00
   1.3900e+02   0.0000e+00   0.0000e+00
   1.4000e+02   0.0000e+00   0.0000e+00
   1.4100e+02   0.0000e+00   0.0000e+00
   1.4200e+02   0.0000e+00   0.0000e+00
   1.4300e+02   0.0000e+00   0.0000e+00
   1.4400e+02   0.0000e+00   0.0000e+00
   1.4500e+02   0.0000e+00   0.0000e+00
   1.4600e+02   0.0000e+00   0.0000e+00
   1.4700e+02   0.0000e+00   0.0000e+00
   1.4800e+02   0.0000e+00   0.0000e+00
   1.4900e+02   0.0000e+00   0.0000e+00
   1.5000e+02   0.0000e+00   0.0000e+00
   1.5100e+02   0.0000e+00   0.0000e+00
   1.5200e+02   0.0000e+00   0.0000e+00
   1.5300e+02   0.0000e+00   0.0000e+00
   1.5400e+02   0.0000e+00   0.0000e+00
   1.5500e+02   0.0000e+00   0.0000e+00
   1.5600e+02   0.0000e+00   0.0000e+00
   1.5700e+02   0.0000e+00   0.0000e+00
   1.5800e+02   0.0000e+00   0.0000e+00
   1.5900e+02   0.0000e+00   0.0000e+00
   1.6000e+02   0.0000e+00   0.0000e+00
   1.6100e+02   0.0000e+00   0.0000e+00
   1.6200e+02   0.0000e+00   0.0000e+00
   1.6300e+02   0.0000e+00   0.0000e+00
   1.6400e+02   8.3334e+02   4.6537e+00
   1.6500e+02   8.3815e+02   9.3078e+00
   1.6600e+02   8.3963e+02   1.3962e+01
   1.6700e+02   8.4130e+02   1.8615e+01
   1.6800e+02   8.4377e+02   2.3268e+01
   1.6900e+02   8.4661e+02   2.7922e+01
   1.7000e+02   6.3209e+02   3.1307e+01
   1.7100e+02   5.6225e+02   3.4268e+01
   1.7200e+02   4.1942e+02   3.6384e+01
   1.7300e+02   2.0341e+02   3.7230e+01
   1.7400e+02  -1.1077e+02   3.6243e+01
   1.7500e+02  -8.7238e+01   3.5397e+01
   1.7600e+02  -3.9658e+01   3.4833e+01
   1.7700e+02   1.2940e+02   3.5256e+01
   1.7800e+02   1.0539e+02   3.5537e+01
   1.7900e+02   1.0578e+02   3.5819e+01
   1.8000e+02   1.5446e+02   3.6384e+01
   1.8100e+02   3.9708e+02   3.8358e+01
   1.8200e+02  -1.0963e+02   3.7371e+01
   1.8300e+02  -5.4643e+02   3.3845e+01
   1.8400e+02  -2.5866e+02   3.2012e+01
   1.8500e+02  -7.4382e+02   2.7358e+01
   1.8600e+02  -3.5985e+02   2.4961e+01
   1.8700e+02  -7.1053e+01   2.4256e+01
   1.8800e+02   2.6681e+02   2.5525e+01
   1.8900e+02   1.7099e+02   2.6230e+01
   1.9000e+02   3.8903e+02   2.8205e+01
   1.9100e+02   5.8389e+02   3.1307e+01
   1.9200e+02   6.1068e+02   3.4550e+01
   1.9300e+02   7.3447e+02   3.8499e+01
   1.9400e+02   8.3526e+02   4.3012e+01
   1.9500e+02   7.9160e+02   4.7242e+01
   1.9600e+02   7.2376e+02   5.1050e+01
   1.9700e+02   3.4036e+02   5.2602e+01
   1.9800e+02   5.6060e+02   5.5421e+01
   1.9900e+02   3.7021e+02   5.7114e+01
   2.0000e+02   4.6974e+02   5.9370e+01
   2.0100e+02   4.2438e+02   6.1344e+01
   2.0200e+02   4.7594e+02   6.3601e+01
   2.0300e+02   3.0933e+02   6.4870e+01
   2.0400e+02   2.8683e+02   6.5998e+01
   2.0500e+02   2.6445e+02   6.6986e+01
   2.0600e+02   9.5741e+01   6.6986e+01
   2.0700e+02   4.7090e+01   6.6703e+01
   2.0800e+02   7.0967e+01   6.6562e+01
   2.0900e+02   4.6420e+01   6.6280e+01
   2.1000e+02   9.4621e+01   6.6280e+01
   2.1100e+02   9.4621e+01   6.6280e+01
   2.1200e+02   9.4621e+01   6.6280e+01
   2.1300e+02   9.4621e+01   6.6280e+01
   2.1400e+02   1.4327e+02   6.6562e+01
   2.1500e+02   1.4372e+02   6.6845e+01
   2.1600e+02   2.1715e+02   6.7550e+01
   2.1700e+02   2.4247e+02   6.8396e+01
   2.1800e+02   2.4401e+02   6.9242e+01
   2.1900e+02   1.9674e+02   6.9806e+01
   2.2000e+02   2.2187e+02   7.0511e+01
   2.2100e+02   2.4755e+02   7.1357e+01
   2.2200e+02   2.0031e+02   7.1922e+01
   2.2300e+02   2.2548e+02   7.2626e+01
   2.2400e+02   2.7555e+02   7.3614e+01
   2.2500e+02   3.5020e+02   7.5024e+01
   2.2600e+02   3.2853e+02   7.6293e+01
   2.2700e+02   2.3327e+02   7.6998e+01
   2.2800e+02   1.8599e+02   7.7421e+01
   2.2900e+02   1.3805e+02   7.7562e+01
   2.3000e+02   8.9590e+01   7.7421e+01
   2.3100e+02   4.0610e+01   7.6998e+01
   2.3200e+02   1.1291e+02   7.6998e+01
   2.3300e+02   1.6163e+02   7.7280e+01
   2.3400e+02   1.8652e+02   7.7703e+01
   2.3500e+02   2.1166e+02   7.8268e+01
   2.3600e+02   1.6384e+02   7.8549e+01
   2.3700e+02   2.1325e+02   7.9113e+01
   2.3800e+02   1.6558e+02   7.9395e+01
   2.3900e+02   1.9048e+02   7.9819e+01
   2.4000e+02   1.4255e+02   7.9960e+01
   2.4100e+02   1.1845e+02   7.9960e+01
   2.4200e+02   6.9712e+01   7.9678e+01
   2.4300e+02   1.1791e+02   7.9678e+01
   2.4400e+02   1.1791e+02   7.9678e+01
   2.4500e+02   1.1791e+02   7.9678e+01
   2.4600e+02   1.1791e+02   7.9678e+01
   2.4700e+02   1.1791e+02   7.9678e+01
   2.4800e+02   9.3545e+01   7.9536e+01
   2.4900e+02   4.4544e+01   7.9113e+01
   2.5000e+02   4.3748e+01   7.8690e+01
   2.5100e+02  -5.4343e+01   7.7703e+01
   2.5200e+02  -7.5912e+00   7.6998e+01
   2.5300e+02   1.5478e+01   7.6434e+01
   2.5400e+02   6.3318e+01   7.6152e+01
   2.5500e+02   3.8302e+01   7.5729e+01
   2.5600e+02   8.6249e+01   7.5588e+01
   2.5700e+02   1.8342e+02   7.6011e+01
   2.5800e+02   1.3547e+02   7.6152e+01
   2.5900e+02   1.3573e+02   7.6293e+01
   2.6000e+02   1.1163e+02   7.6293e+01
   2.6100e+02   3.8557e+01   7.5870e+01
   2.6200e+02   1.3440e+01   7.5306e+01
   2.6300e+02   1.2431e+01   7.4742e+01
   2.6400e+02   1.1430e+01   7.4177e+01
   2.6500e+02  -1.3760e+01   7.3473e+01
   2.6600e+02   1.7964e+02   7.3896e+01
   2.6700e+02   9.9444e+00   7.3332e+01
   2.6800e+02   8.2001e+01   7.3191e+01
   2.6900e+02   5.7409e+01   7.2908e+01
   2.7000e+02   5.6920e+01   7.2626e+01
   2.7100e+02   1.2947e+02   7.2767e+01
   2.7200e+02   1.5406e+02   7.3049e+01
   2.7300e+02   1.7890e+02   7.3473e+01
   2.7400e+02   2.0399e+02   7.4037e+01
   2.7500e+02   2.2919e+02   7.4742e+01
   2.7600e+02   2.3060e+02   7.5447e+01
   2.7700e+02   2.3187e+02   7.6152e+01
   2.7800e+02   3.3045e+02   7.7421e+01
   2.7900e+02   2.3550e+02   7.8127e+01
   2.8000e+02   1.6373e+02   7.8409e+01
   2.8100e+02   2.1283e+02   7.8972e+01
   2.8200e+02   1.1658e+02   7.8972e+01
   2.8300e+02   6.7849e+01   7.8690e+01
   2.8400e+02  -2.9981e+01   7.7844e+01
   2.8500e+02  -5.6051e+01   7.6857e+01
   2.8600e+02  -1.0641e+02   7.5588e+01
   2.8700e+02  -1.5737e+02   7.4037e+01
   2.8800e+02  -1.3589e+02   7.2626e+01
   2.8900e+02   1.0512e+02   7.2626e+01
   2.9000e+02   1.0512e+02   7.2626e+01
   2.9100e+02   7.7455e+00   7.2062e+01
   2.9200e+02  -1.3911e+02   7.0652e+01
   2.9300e+02   7.7414e+01   7.0511e+01
   2.9400e+02   1.2585e+02   7.0652e+01
   2.9500e+02   7.7414e+01   7.0511e+01
   2.9600e+02   4.1673e+00   6.9947e+01
   2.9700e+02   7.6386e+01   6.9806e+01
   2.9800e+02   1.0034e+02   6.9806e+01
   2.9900e+02   1.0034e+02   6.9806e+01
   3.0000e+02   2.9992e+00   6.9242e+01
   3.0100e+02  -2.2259e+01   6.8537e+01
   3.0200e+02  -2.3405e+01   6.7831e+01
   3.0300e+02  -1.2169e+02   6.6562e+01
   3.0400e+02  -1.7232e+02   6.5011e+01
   3.0500e+02  -1.7485e+02   6.3460e+01
   3.0600e+02  -2.0132e+02   6.1767e+01
   3.0700e+02  -2.0378e+02   6.0075e+01
   3.0800e+02  -1.8187e+02   5.8524e+01
   3.0900e+02  -2.0829e+02   5.6832e+01
   3.1000e+02  -3.5626e+02   5.4294e+01
   3.1100e+02  -2.8664e+02   5.2178e+01
   3.1200e+02  -3.6202e+02   4.9640e+01
   3.1300e+02  -2.6791e+02   4.7666e+01
   3.1400e+02  -2.4585e+02   4.5832e+01
   3.1500e+02  -1.7521e+02   4.4422e+01
   3.1600e+02  -1.5228e+02   4.3153e+01
   3.1700e+02   4.0229e+01   4.3012e+01
   3.1800e+02  -5.6891e+01   4.2306e+01
   3.1900e+02  -1.7864e+02   4.0896e+01
   3.2000e+02  -3.0115e+02   3.8781e+01
   3.2100e+02  -5.9356e+02   3.4974e+01
   3.2200e+02  -7.4178e+02   3.0320e+01
   3.2300e+02  -2.8540e+02   2.8346e+01
   3.2400e+02  -1.9007e+02   2.6935e+01
   3.2500e+02  -9.4055e+01   2.6089e+01
   3.2600e+02  -3.1222e+02   2.3974e+01
   3.2700e+02  -3.1338e+02   2.1859e+01
   3.2800e+02  -6.7673e+02   1.7628e+01
   3.2900e+02  -3.6451e+02   1.5230e+01
   3.3000e+02  -6.3078e+02   1.1282e+01
   3.3100e+02  -7.5347e+02   6.6280e+00
   3.3200e+02  -7.7147e+02   1.9743e+00
   3.3300e+02  -3.3728e+02   0.0000e+00
   3.3400e+02   0.0000e+00   0.0000e+00
   3.3500e+02   0.0000e+00   0.0000e+00
   3.3600e+02   0.0000e+00   0.0000e+00
   3.3700e+02   0.0000e+00   0.0000e+00
   3.3800e+02   0.0000e+00   0.0000e+00
   3.3900e+02   0.0000e+00   0.0000e+00
   3.4000e+02   0.0000e+00   0.0000e+00
   3.4100e+02   0.0000e+00   0.0000e+00
   3.4200e+02   0.0000e+00   0.0000e+00
   3.4300e+02   0.0000e+00   0.0000e+00
   3.4400e+02   0.0000e+00   0.0000e+00
   3.4500e+02   0.0000e+00   0.0000e+00
   3.4600e+02   0.0000e+00   0.0000e+00
   3.4700e+02   2.5867e+02   1.4102e+00
   3.4800e+02   8.3597e+02   6.0640e+00
   3.4900e+02   8.3856e+02   1.0718e+01
   3.5000e+02   8.4013e+02   1.5372e+01
   3.5100e+02   8.4210e+02   2.0025e+01
   3.5200e+02   7.9621e+02   2.4397e+01
   3.5300e+02   7.0219e+02   2.8205e+01
   3.5400e+02   6.5651e+02   3.1730e+01
   3.5500e+02   3.4466e+02   3.3422e+01
   3.5600e+02   4.1870e+02   3.5537e+01
   3.5700e+02   3.9647e+02   3.7512e+01
   3.5800e+02   4.2236e+02   3.9628e+01
   3.5900e+02   5.2123e+02   4.2306e+01
   3.6000e+02   2.5757e+02   4.3435e+01
   3.6100e+02   2.5860e+02   4.4563e+01
   3.6200e+02   1.8721e+02   4.5268e+01
   3.6300e+02   2.3633e+02   4.6255e+01
   3.6400e+02   2.6184e+02   4.7383e+01
   3.6500e+02   2.8725e+02   4.8652e+01
   3.6600e+02   9.4753e+01   4.8793e+01
   3.6700e+02   1.4345e+02   4.9217e+01
   3.6800e+02   4.6880e+01   4.9076e+01
   3.6900e+02  -1.8143e+00   4.8652e+01
   3.7000e+02   1.1902e+02   4.8934e+01
   3.7100e+02   2.6495e+02   5.0063e+01
   3.7200e+02   1.9335e+02   5.0768e+01
   3.7300e+02   7.2993e+01   5.0768e+01
   3.7400e+02   7.2993e+01   5.0768e+01
   3.7500e+02   7.2993e+01   5.0768e+01
   3.7600e+02   7.2993e+01   5.0768e+01
   3.7700e+02   7.2993e+01   5.0768e+01
   3.7800e+02   9.7265e+01   5.0909e+01
   3.7900e+02   1.4598e+02   5.1332e+01
   3.8000e+02   9.7953e+01   5.1473e+01
   3.8100e+02   4.9579e+01   5.1332e+01
   3.8200e+02  -2.3410e+01   5.0768e+01
   3.8300e+02  -1.4528e+02   4.9499e+01
   3.8400e+02  -1.7102e+02   4.8089e+01
   3.8500e+02  -7.5727e+01   4.7242e+01
   3.8600e+02  -4.4032e+02   4.4281e+01
   3.8700e+02  -5.1590e+02   4.0896e+01
   3.8800e+02  -7.3709e+02   3.6243e+01
   3.8900e+02  -5.9560e+02   3.2435e+01
   3.9000e+02  -5.9837e+02   2.8628e+01
   3.9100e+02  -6.2498e+02   2.4679e+01
   3.9200e+02  -6.7560e+02   2.0448e+01
   3.9300e+02  -5.5652e+02   1.6923e+01
   3.9400e+02  -7.5098e+02   1.2269e+01
   3.9500e+02  -7.5264e+02   7.6152e+00
   3.9600e+02  -7.6384e+02   2.9614e+00
   3.9700e+02  -5.0591e+02   0.0000e+00
   3.9800e+02   0.0000e+00   0.0000e+00
   3.9900e+02   0.0000e+00   0.0000e+00
   4.0000e+02   0.0000e+00   0.0000e+00
   4.0100e+02   0.0000e+00   0.0000e+00
   4.0200e+02   0.0000e+00   0.0000e+00
   4.0300e+02   6.6128e+02   3.6666e+00
   4.0400e+02   8.3768e+02   8.3203e+00
   4.0500e+02   8.3929e+02   1.2974e+01
   4.0600e+02   8.4102e+02   1.7628e+01
   4.0700e+02   8.4323e+02   2.2282e+01
   4.0800e+02   8.4581e+02   2.6935e+01
   4.0900e+02   8.4921e+02   3.1589e+01
   4.1000e+02   6.8357e+02   3.5256e+01
   4.1100e+02   2.0227e+02   3.6101e+01
   4.1200e+02   5.1797e+02   3.8781e+01
   4.1300e+02   4.2358e+02   4.0896e+01
   4.1400e+02   3.0447e+02   4.2306e+01
   4.1500e+02   8.7856e+01   4.2447e+01
   4.1600e+02   3.9512e+01   4.2306e+01
   4.1700e+02  -8.9637e+00   4.1884e+01
   4.1800e+02  -3.3774e+01   4.1320e+01
   4.1900e+02  -5.8563e+01   4.0614e+01
   4.2000e+02  -1.3179e+02   3.9487e+01
   4.2100e+02  -6.6563e+02   3.5256e+01
   4.2200e+02  -7.4158e+02   3.0602e+01
   4.2300e+02  -7.4471e+02   2.5948e+01
   4.2400e+02  -7.4733e+02   2.1294e+01
   4.2500e+02  -7.4944e+02   1.6640e+01
   4.2600e+02  -7.5107e+02   1.1987e+01
   4.2700e+02  -7.5281e+02   7.3332e+00
   4.2800e+02  -7.6570e+02   2.6795e+00
   4.2900e+02  -4.5774e+02   0.0000e+00
   4.3000e+02   0.0000e+00   0.0000e+00
   4.3100e+02   0.0000e+00   0.0000e+00
   4.3200e+02   0.0000e+00   0.0000e+00
   4.3300e+02   0.0000e+00   0.0000e+00
   4.3400e+02   0.0000e+00   0.0000e+00
   4.3500e+02   0.0000e+00   0.0000e+00
   4.3600e+02   0.0000e+00   0.0000e+00
   4.3700e+02   0.0000e+00   0.0000e+00
   4.3800e+02   0.0000e+00   0.0000e+00
   4.3900e+02   0.0000e+00   0.0000e+00
   4.4000e+02   0.0000e+00   0.0000e+00
   4.4100e+02   0.0000e+00   0.0000e+00
   4.4200e+02   0.0000e+00   0.0000e+00
   4.4300e+02   0.0000e+00   0.0000e+00
   4.4400e+02   0.0000e+00   0.0000e+00
   4.4500e+02   0.0000e+00   0.0000e+00
   4.4600e+02   0.0000e+00   0.0000e+00
   4.4700e+02   0.0000e+00   0.0000e+00
   4.4800e+02   8.3334e+02   4.6537e+00
   4.4900e+02   8.3815e+02   9.3078e+00
   4.5000e+02   8.3963e+02   1.3962e+01
   4.5100e+02   8.4130e+02   1.8615e+01
   4.5200e+02   8.4377e+02   2.3268e+01
   4.5300e+02   8.4661e+02   2.7922e+01
   4.5400e+02   8.4996e+02   3.2576e+01
   4.5500e+02   8.5383e+02   3.7230e+01
   4.5600e+02   3.9786e+02   3.9204e+01
   4.5700e+02   3.7551e+02   4.1038e+01
   4.5800e+02   6.4392e+02   4.4422e+01
   4.5900e+02   4.2945e+02   4.6537e+01
   4.6000e+02   2.1364e+02   4.7383e+01
   4.6100e+02   3.6004e+02   4.9076e+01
   4.6200e+02   1.4378e+02   4.9499e+01
   4.6300e+02   1.9282e+02   5.0204e+01
   4.6400e+02   1.9352e+02   5.0909e+01
   4.6500e+02   4.8892e+01   5.0768e+01
   4.6600e+02   9.7265e+01   5.0909e+01
   4.6700e+02   9.7436e+01   5.1050e+01
   4.6800e+02   2.4792e+01   5.0768e+01
   4.6900e+02   3.3178e-01   5.0345e+01
   4.7000e+02   1.4515e+02   5.0768e+01
   4.7100e+02   7.2993e+01   5.0768e+01
   4.7200e+02  -2.3938e+01   5.0204e+01
   4.7300e+02   4.8046e+01   5.0063e+01
   4.7400e+02   4.7878e+01   4.9922e+01
   4.7500e+02   2.3443e+01   4.9640e+01
   4.7600e+02   7.1644e+01   4.9640e+01
   4.7700e+02   7.1644e+01   4.9640e+01
   4.7800e+02   7.1644e+01   4.9640e+01
   4.7900e+02   7.1644e+01   4.9640e+01
   4.8000e+02   7.1644e+01   4.9640e+01
   4.8100e+02   2.3110e+01   4.9358e+01
   4.8200e+02   9.5579e+01   4.9499e+01
   4.8300e+02   9.5745e+01   4.9640e+01
   4.8400e+02   1.4445e+02   5.0063e+01
   4.8500e+02  -6.5803e-01   4.9640e+01
   4.8600e+02   2.3110e+01   4.9358e+01
   4.8700e+02   7.1312e+01   4.9358e+01
   4.8800e+02   7.1312e+01   4.9358e+01
   4.8900e+02   2.2779e+01   4.9076e+01
   4.9000e+02   2.2450e+01   4.8793e+01
   4.9100e+02   4.6387e+01   4.8652e+01
   4.9200e+02  -1.7198e+02   4.7242e+01
   4.9300e+02  -2.9481e+02   4.5127e+01
   4.9400e+02  -3.9401e+02   4.2447e+01
   4.9500e+02  -4.4495e+02   3.9487e+01
   4.9600e+02  -5.4467e+02   3.5960e+01
   4.9700e+02  -6.6844e+02   3.1730e+01
   4.9800e+02  -5.9884e+02   2.7922e+01
   4.9900e+02  -7.4629e+02   2.3268e+01
   5.0000e+02  -7.4861e+02   1.8615e+01
   5.0100e+02  -6.5383e+02   1.4525e+01
   5.0200e+02  -7.0344e+02   1.0153e+01
   5.0300e+02  -7.3050e+02   5.6409e+00
   5.0400e+02  -7.0498e+02   1.4102e+00
   5.0500e+02  -2.4090e+02   0.0000e+00
   5.0600e+02   0.0000e+00   0.0000e+00
   5.0700e+02   0.0000e+00   0.0000e+00
   5.0800e+02   0.0000e+00   0.0000e+00
   5.0900e+02   0.0000e+00   0.0000e+00
   5.1000e+02   0.0000e+00   0.0000e+00
   5.1100e+02   3.0986e+02   1.6923e+00
   5.1200e+02   5.9313e+02   4.9358e+00
   5.1300e+02   5.2422e+02   7.7562e+00
   5.1400e+02   2.8399e+02   9.1667e+00
   5.1500e+02   5.2568e+02   1.1987e+01
   5.1600e+02   3.0957e+02   1.3538e+01
   5.1700e+02   2.6165e+02   1.4807e+01
   5.1800e+02   3.8291e+02   1.6781e+01
   5.1900e+02   5.5290e+02   1.9743e+01
   5.2000e+02   5.3022e+02   2.2564e+01
   5.2100e+02   4.5913e+02   2.4961e+01
   5.2200e+02   3.6416e+02   2.6795e+01
   5.2300e+02   3.1682e+02   2.8346e+01
   5.2400e+02   2.6950e+02   2.9614e+01
   5.2500e+02   2.9477e+02   3.1025e+01
   5.2600e+02   2.9568e+02   3.2435e+01
   5.2700e+02   2.4837e+02   3.3563e+01
   5.2800e+02   2.2522e+02   3.4550e+01
   5.2900e+02   1.5338e+02   3.5115e+01
   5.3000e+02   8.1200e+01   3.5256e+01
   5.3100e+02   5.7099e+01   3.5256e+01
   5.3200e+02   5.7099e+01   3.5256e+01
   5.3300e+02   5.7099e+01   3.5256e+01
   5.3400e+02   5.7099e+01   3.5256e+01
   5.3500e+02   5.7099e+01   3.5256e+01
   5.3600e+02   2.0227e+02   3.6101e+01
   5.3700e+02   1.0626e+02   3.6384e+01
   5.3800e+02   1.0651e+02   3.6666e+01
   5.3900e+02  -3.8586e+01   3.6101e+01
   5.4000e+02  -3.9067e+01   3.5537e+01
   5.4100e+02   9.0468e+00   3.5256e+01
   5.4200e+02   5.7099e+01   3.5256e+01
   5.4300e+02   5.7099e+01   3.5256e+01
   5.4400e+02  -8.8209e+01   3.4409e+01
   5.4500e+02  -2.5823e+02   3.2576e+01
   5.4600e+02  -7.4345e+02   2.7922e+01
   5.4700e+02  -7.4629e+02   2.3268e+01
   5.4800e+02  -7.4861e+02   1.8615e+01
   5.4900e+02  -7.5027e+02   1.3962e+01
   5.5000e+02  -7.5193e+02   9.3078e+00
   5.5100e+02  -7.5671e+02   4.6537e+00
   5.5200e+02  -7.9500e+02   0.0000e+00
   5.5300e+02   0.0000e+00   0.0000e+00
   5.5400e+02   0.0000e+00   0.0000e+00
   5.5500e+02   0.0000e+00   0.0000e+00
   5.5600e+02   0.0000e+00   0.0000e+00
   5.5700e+02   0.0000e+00   0.0000e+00
   5.5800e+02   0.0000e+00   0.0000e+00
   5.5900e+02   0.0000e+00   0.0000e+00
   5.6000e+02   0.0000e+00   0.0000e+00
   5.6100e+02   0.0000e+00   0.0000e+00
   5.6200e+02   0.0000e+00   0.0000e+00
   5.6300e+02   0.0000e+00   0.0000e+00
   5.6400e+02   0.0000e+00   0.0000e+00
   5.6500e+02   0.0000e+00   0.0000e+00
   5.6600e+02   0.0000e+00   0.0000e+00
   5.6700e+02   0.0000e+00   0.0000e+00
   5.6800e+02   0.0000e+00   0.0000e+00
   5.6900e+02   8.3334e+02   4.6537e+00
   5.7000e+02   8.3815e+02   9.3078e+00
   5.7100e+02   8.3963e+02   1.3962e+01
   5.7200e+02   7.9297e+02   1.8332e+01
   5.7300e+02   4.3281e+02   2.0589e+01
   5.7400e+02   3.8577e+02   2.2564e+01
   5.7500e+02   2.9000e+02   2.3974e+01
   5.7600e+02   4.9139e+01   2.3974e+01
   5.7700e+02   4.9139e+01   2.3974e+01
   5.7800e+02   1.7005e+02   2.4679e+01
   5.7900e+02   9.7766e+01   2.4961e+01
   5.8000e+02   4.9714e+01   2.4961e+01
   5.8100e+02   1.4959e+00   2.4679e+01
   5.8200e+02  -7.1365e+01   2.3974e+01
   5.8300e+02   2.4958e+01   2.3833e+01
   5.8400e+02  -2.3482e+01   2.3410e+01
   5.8500e+02   1.4554e+02   2.3974e+01
   5.8600e+02   7.3321e+01   2.4115e+01
   5.8700e+02   2.5038e+01   2.3974e+01
   5.8800e+02  -4.7583e+01   2.3410e+01
   5.8900e+02   2.4641e+01   2.3268e+01
   5.9000e+02   4.8742e+01   2.3268e+01
   5.9100e+02   7.2921e+01   2.3410e+01
   5.9200e+02   1.4554e+02   2.3974e+01
   5.9300e+02   1.9409e+02   2.4819e+01
   5.9400e+02   2.6731e+02   2.6089e+01
   5.9500e+02   2.1958e+02   2.7076e+01
   5.9600e+02   2.9297e+02   2.8487e+01
   5.9700e+02   2.4540e+02   2.9614e+01
   5.9800e+02   7.6940e+01   2.9756e+01
   5.9900e+02   7.7040e+01   2.9897e+01
   6.0000e+02   1.4975e+02   3.0461e+01
   6.0100e+02   1.5016e+02   3.1025e+01
   6.0200e+02   1.5043e+02   3.1589e+01
   6.0300e+02   7.8386e+01   3.1730e+01
   6.0400e+02   5.4285e+01   3.1730e+01
   6.0500e+02   5.4285e+01   3.1730e+01
   6.0600e+02   1.0270e+02   3.2012e+01
   6.0700e+02   2.9646e+02   3.3422e+01
   6.0800e+02   3.9463e+02   3.5397e+01
   6.0900e+02   2.7506e+02   3.6666e+01
   6.1000e+02   1.7943e+02   3.7371e+01
   6.1100e+02   1.7992e+02   3.8076e+01
   6.1200e+02  -1.5833e+02   3.6807e+01
   6.1300e+02  -7.4042e+02   3.2153e+01
   6.1400e+02  -7.4373e+02   2.7499e+01
   6.1500e+02  -7.4652e+02   2.2845e+01
   6.1600e+02  -7.4864e+02   1.8192e+01
   6.1700e+02  -7.5057e+02   1.3538e+01
   6.1800e+02  -7.5210e+02   8.8845e+00
   6.1900e+02  -7.5794e+02   4.2306e+00
   6.2000e+02  -7.2272e+02   0.0000e+00
   6.2100e+02   0.0000e+00   0.0000e+00
   6.2200e+02   0.0000e+00   0.0000e+00
   6.2300e+02   0.0000e+00   0.0000e+00
   6.2400e+02   0.0000e+00   0.0000e+00
   6.2500e+02   0.0000e+00   0.0000e+00
   6.2600e+02   0.0000e+00   0.0000e+00
   6.2700e+02   0.0000e+00   0.0000e+00
   6.2800e+02   0.0000e+00   0.0000e+00
   6.2900e+02   0.0000e+00   0.0000e+00
   6.3000e+02   0.0000e+00   0.0000e+00
   6.3100e+02   0.0000e+00   0.0000e+00
   6.3200e+02   0.0000e+00   0.0000e+00
   6.3300e+02   0.0000e+00   0.0000e+00
   6.3400e+02   0.0000e+00   0.0000e+00
   6.3500e+02   0.0000e+00   0.0000e+00
   6.3600e+02   0.0000e+00   0.0000e+00
   6.3700e+02   0.0000e+00   0.0000e+00
   6.3800e+02   0.0000e+00   0.0000e+00
   6.3900e+02   0.0000e+00   0.0000e+00
   6.4000e+02   0.0000e+00   0.0000e+00
   6.4100e+02   0.0000e+00   0.0000e+00
   6.4200e+02   0.0000e+00   0.0000e+00
   6.4300e+02   0.0000e+00   0.0000e+00
   6.4400e+02   0.0000e+00   0.0000e+00
   6.4500e+02   0.0000e+00   0.0000e+00
   6.4600e+02   5.1209e+02   2.8205e+00
   6.4700e+02   6.4355e+02   6.3460e+00
   6.4800e+02   8.3868e+02   1.1000e+01
   6.4900e+02   6.2287e+02   1.4384e+01
   6.5000e+02   6.0016e+02   1.7628e+01
   6.5100e+02   4.0830e+02   1.9743e+01
   6.5200e+02   3.6100e+02   2.1576e+01
   6.5300e+02   5.7962e+02   2.4679e+01
   6.5400e+02   5.5721e+02   2.7640e+01
   6.5500e+02   3.9000e+02   2.9614e+01
   6.5600e+02   3.4303e+02   3.1307e+01
   6.5700e+02   3.2026e+02   3.2858e+01
   6.5800e+02   3.4557e+02   3.4550e+01
   6.5900e+02   2.5011e+02   3.5678e+01
   6.6000e+02   1.3012e+02   3.6101e+01
   6.6100e+02   1.5471e+02   3.6666e+01
   6.6200e+02   8.2531e+01   3.6807e+01
   6.6300e+02   8.2655e+01   3.6948e+01
   6.6400e+02   5.8554e+01   3.6948e+01
   6.6500e+02   1.0700e+02   3.7230e+01
   6.6600e+02   8.3029e+01   3.7371e+01
   6.6700e+02   5.8929e+01   3.7371e+01
   6.6800e+02  -6.2197e+01   3.6666e+01
   6.6900e+02  -6.2808e+01   3.5960e+01
   6.7000e+02  -4.0213e+02   3.3282e+01
   6.7100e+02  -4.7693e+02   3.0179e+01
   6.7200e+02  -6.4822e+02   2.6089e+01
   6.7300e+02  -4.5730e+02   2.3127e+01
   6.7400e+02  -4.1049e+02   2.0448e+01
   6.7500e+02  -6.5315e+02   1.6358e+01
   6.7600e+02  -6.5457e+02   1.2269e+01
   6.7700e+02  -6.5597e+02   8.1793e+00
   6.7800e+02  -5.1506e+02   4.9358e+00
   6.7900e+02  -3.3110e+02   2.8205e+00
   6.8000e+02  -4.8182e+02   0.0000e+00
   6.8100e+02   0.0000e+00   0.0000e+00
   6.8200e+02   0.0000e+00   0.0000e+00
   6.8300e+02   0.0000e+00   0.0000e+00
   6.8400e+02   0.0000e+00   0.0000e+00
   6.8500e+02   0.0000e+00   0.0000e+00
   6.8600e+02   0.0000e+00   0.0000e+00
   6.8700e+02   0.0000e+00   0.0000e+00
   6.8800e+02   0.0000e+00   0.0000e+00
   6.8900e+02   0.0000e+00   0.0000e+00
   6.9000e+02   0.0000e+00   0.0000e+00
   6.9100e+02   0.0000e+00   0.0000e+00
   6.9200e+02   0.0000e+00   0.0000e+00
   6.9300e+02   0.0000e+00   0.0000e+00
   6.9400e+02   3.6080e+02   1.9743e+00
   6.9500e+02   4.9607e+02   4.6537e+00
   6.9600e+02   3.0613e+02   6.2050e+00
   6.9700e+02   5.4899e+02   9.1667e+00
   6.9800e+02   6.9470e+02   1.2974e+01
   6.9900e+02   5.5128e+02   1.5936e+01
   7.0000e+02   5.7653e+02   1.9038e+01
   7.0100e+02   3.1230e+02   2.0589e+01
   7.0200e+02   4.8233e+02   2.3127e+01
   7.0300e+02   1.2120e+02   2.3551e+01
   7.0400e+02   5.4043e-01   2.3268e+01
   7.0500e+02   4.8742e+01   2.3268e+01
   7.0600e+02   4.5970e+02   2.5666e+01
   7.0700e+02   2.9188e+02   2.7076e+01
   7.0800e+02   2.6877e+02   2.8346e+01
   7.0900e+02   3.9050e+02   3.0320e+01
   7.1000e+02   2.9514e+02   3.1730e+01
   7.1100e+02   5.4285e+01   3.1730e+01
   7.1200e+02  -4.2390e+01   3.1166e+01
   7.1300e+02   1.9895e+02   3.2012e+01
   7.1400e+02   1.9976e+02   3.2858e+01
   7.1500e+02   1.0358e+02   3.3141e+01
   7.1600e+02  -1.8672e+02   3.1730e+01
   7.1700e+02  -1.6341e+02   3.0461e+01
   7.1800e+02  -2.1271e+02   2.8910e+01
   7.1900e+02  -5.5240e+02   2.5384e+01
   7.2000e+02  -6.7510e+02   2.1153e+01
   7.2100e+02  -6.7702e+02   1.6923e+01
   7.2200e+02  -6.7854e+02   1.2692e+01
   7.2300e+02  -6.3166e+02   8.7433e+00
   7.2400e+02  -3.6826e+02   6.3460e+00
   7.2500e+02  -3.2427e+02   4.2306e+00
   7.2600e+02  -1.8564e+02   2.9614e+00
   7.2700e+02  -3.7615e+02   7.0511e-01
   7.2800e+02   9.3049e+00   7.0511e-01
   7.2900e+02   6.8842e+02   4.5127e+00
   7.3000e+02   8.3808e+02   9.1667e+00
   7.3100e+02   7.9129e+02   1.3538e+01
   7.3200e+02   7.4462e+02   1.7628e+01
   7.3300e+02   4.0830e+02   1.9743e+01
   7.3400e+02   5.3022e+02   2.2564e+01
   7.3500e+02   5.3168e+02   2.5384e+01
   7.3600e+02   4.3686e+02   2.7640e+01
   7.3700e+02   5.1101e+02   3.0320e+01
   7.3800e+02   4.4040e+02   3.2576e+01
   7.3900e+02   3.9377e+02   3.4550e+01
   7.4000e+02   2.9855e+02   3.5960e+01
   7.4100e+02   2.9994e+02   3.7371e+01
   7.4200e+02   2.0415e+02   3.8217e+01
   7.4300e+02   1.8084e+02   3.8922e+01
   7.4400e+02   1.3304e+02   3.9345e+01
   7.4500e+02   1.5752e+02   3.9909e+01
   7.4600e+02   1.3397e+02   4.0332e+01
   7.4700e+02   6.1669e+01   4.0332e+01
   7.4800e+02  -1.1038e+01   3.9909e+01
   7.4900e+02   3.7180e+01   3.9769e+01
   7.5000e+02   1.2664e+01   3.9487e+01
   7.5100e+02  -6.0296e+01   3.8781e+01
   7.5200e+02  -1.0940e+02   3.7794e+01
   7.5300e+02  -2.5546e+02   3.5960e+01
   7.5400e+02  -4.2634e+02   3.3141e+01
   7.5500e+02  -4.2862e+02   3.0320e+01
   7.5600e+02  -5.5138e+02   2.6795e+01
   7.5700e+02  -5.5363e+02   2.3268e+01
   7.5800e+02  -3.3791e+02   2.1012e+01
   7.5900e+02  -5.3213e+02   1.7628e+01
   7.6000e+02  -7.0246e+02   1.3256e+01
   7.6100e+02  -7.2807e+02   8.7433e+00
   7.6200e+02  -7.3382e+02   4.2306e+00
   7.6300e+02  -3.3655e+02   2.1153e+00
   7.6400e+02   2.4809e+01   2.1153e+00
   7.6500e+02  -2.3160e+02   7.0511e-01
   7.6600e+02  -1.2045e+02   0.0000e+00
   7.6700e+02   7.5981e+02   4.2306e+00
   7.6800e+02   8.3796e+02   8.8845e+00
   7.6900e+02   8.3949e+02   1.3538e+01
   7.7000e+02   8.4126e+02   1.8192e+01
   7.7100e+02   7.4683e+02   2.2282e+01
   7.7200e+02   4.5911e+02   2.4679e+01
   7.7300e+02   2.6707e+02   2.5948e+01
   7.7400e+02   3.1626e+02   2.7499e+01
   7.7500e+02   3.4150e+02   2.9191e+01
   7.7600e+02   3.6707e+02   3.1025e+01
   7.7700e+02   3.4410e+02   3.2717e+01
   7.7800e+02   4.9076e+02   3.5256e+01
   7.7900e+02   4.2029e+02   3.7371e+01
   7.8000e+02   3.0107e+02   3.8781e+01
   7.8100e+02   1.8137e+02   3.9487e+01
   7.8200e+02   1.3342e+02   3.9909e+01
   7.8300e+02   2.0668e+02   4.0755e+01
   7.8400e+02   6.2078e+01   4.0755e+01
   7.8500e+02   6.2078e+01   4.0755e+01
   7.8600e+02   3.7840e+01   4.0614e+01
   7.8700e+02  -1.0769e+01   4.0191e+01
   7.8800e+02   1.3063e+01   3.9909e+01
   7.8900e+02   6.1265e+01   3.9909e+01
   7.9000e+02   6.1265e+01   3.9909e+01
   7.9100e+02   3.7180e+01   3.9769e+01
   7.9200e+02  -8.4267e+01   3.8922e+01
   7.9300e+02   3.6107e+01   3.8781e+01
   7.9400e+02   6.0208e+01   3.8781e+01
   7.9500e+02   6.0208e+01   3.8781e+01
   7.9600e+02   6.0208e+01   3.8781e+01
   7.9700e+02   6.0208e+01   3.8781e+01
   7.9800e+02   6.0208e+01   3.8781e+01
   7.9900e+02   8.4439e+01   3.8922e+01
   8.0000e+02   1.5727e+02   3.9487e+01
   8.0100e+02   1.8189e+02   4.0191e+01
   8.0200e+02   4.2497e+02   4.2306e+01
   8.0300e+02   3.0607e+02   4.3717e+01
   8.0400e+02   3.0741e+02   4.5127e+01
   8.0500e+02   3.0895e+02   4.6537e+01
   8.0600e+02   6.8090e+01   4.6537e+01
   8.0700e+02   2.1364e+02   4.7383e+01
   8.0800e+02   1.6608e+02   4.7948e+01
   8.0900e+02   1.4231e+02   4.8370e+01
   8.1000e+02   4.6050e+01   4.8230e+01
   8.1100e+02   2.1476e+01   4.7948e+01
   8.1200e+02   6.9677e+01   4.7948e+01
   8.1300e+02   4.5416e+01   4.7807e+01
   8.1400e+02  -3.2658e+00   4.7383e+01
   8.1500e+02  -5.2258e+01   4.6678e+01
   8.1600e+02   4.3989e+01   4.6537e+01
   8.1700e+02  -5.3040e+01   4.5832e+01
   8.1800e+02  -5.3954e+01   4.5127e+01
   8.1900e+02   4.2298e+01   4.4986e+01
   8.2000e+02  -6.3551e+00   4.4563e+01
   8.2100e+02   4.1697e+01   4.4422e+01
   8.2200e+02  -1.5228e+02   4.3153e+01
   8.2300e+02  -8.0992e+01   4.2306e+01
   8.2400e+02   3.9370e+01   4.2165e+01
   8.2500e+02   6.3471e+01   4.2165e+01
   8.2600e+02   6.3471e+01   4.2165e+01
   8.2700e+02   6.3471e+01   4.2165e+01
   8.2800e+02  -9.1043e+00   4.1743e+01
   8.2900e+02   3.8808e+01   4.1602e+01
   8.3000e+02   6.2908e+01   4.1602e+01
   8.3100e+02   1.4428e+01   4.1320e+01
   8.3200e+02  -3.4325e+01   4.0755e+01
   8.3300e+02  -1.0742e+02   3.9769e+01
   8.3400e+02  -6.0035e+01   3.9063e+01
   8.3500e+02  -1.0914e+02   3.8076e+01
   8.3600e+02  -3.0367e+02   3.5960e+01
   8.3700e+02  -3.7807e+02   3.3422e+01
   8.3800e+02  -3.5566e+02   3.1025e+01
   8.3900e+02  -3.0911e+02   2.8910e+01
   8.4000e+02  -2.6229e+02   2.7076e+01
   8.4100e+02   5.1025e+01   2.7076e+01
   8.4200e+02   2.6877e+02   2.8346e+01
   8.4300e+02   2.4530e+02   2.9473e+01
   8.4400e+02   1.7365e+02   3.0179e+01
   8.4500e+02   1.9836e+02   3.1025e+01
   8.4600e+02   1.9885e+02   3.1871e+01
   8.4700e+02   1.9965e+02   3.2717e+01
   8.4800e+02   2.4859e+02   3.3845e+01
   8.4900e+02   2.9811e+02   3.5256e+01
   8.5000e+02   2.9916e+02   3.6666e+01
   8.5100e+02   2.0366e+02   3.7512e+01
   8.5200e+02   5.9054e+01   3.7512e+01
   8.5300e+02   1.0736e+02   3.7794e+01
   8.5400e+02   1.0776e+02   3.8076e+01
   8.5500e+02   1.0802e+02   3.8358e+01
   8.5600e+02   2.0521e+02   3.9204e+01
   8.5700e+02   1.3330e+02   3.9628e+01
   8.5800e+02   2.3050e+02   4.0614e+01
   8.5900e+02   8.6179e+01   4.0755e+01
   8.6000e+02   8.6316e+01   4.0896e+01
   8.6100e+02   8.6454e+01   4.1038e+01
   8.6200e+02   3.8114e+01   4.0896e+01
   8.6300e+02  -1.5576e+02   3.9628e+01
   8.6400e+02  -8.4397e+01   3.8781e+01
   8.6500e+02  -6.0942e+01   3.8076e+01
   8.6600e+02  -2.3100e+02   3.6384e+01
   8.6700e+02  -1.3556e+02   3.5256e+01
   8.6800e+02  -6.3992e+01   3.4550e+01
   8.6900e+02   1.2917e+02   3.4974e+01
   8.7000e+02   1.2952e+02   3.5397e+01
   8.7100e+02   1.5395e+02   3.5960e+01
   8.7200e+02   1.0614e+02   3.6243e+01
   8.7300e+02   1.7906e+02   3.6948e+01
   8.7400e+02   2.2799e+02   3.7935e+01
   8.7500e+02   2.0481e+02   3.8781e+01
   8.7600e+02   1.3290e+02   3.9204e+01
   8.7700e+02   2.0585e+02   4.0050e+01
   8.7800e+02   2.0682e+02   4.0896e+01
   8.7900e+02   1.1069e+02   4.1179e+01
   8.8000e+02   3.8252e+01   4.1038e+01
   8.8100e+02   3.8114e+01   4.0896e+01
   8.8200e+02   3.7977e+01   4.0755e+01
   8.8300e+02  -3.4869e+01   4.0191e+01
   8.8400e+02  -3.5255e+01   3.9628e+01
   8.8500e+02   3.6764e+01   3.9487e+01
   8.8600e+02   6.0865e+01   3.9487e+01
   8.8700e+02  -3.6065e+01   3.8922e+01
   8.8800e+02  -3.6585e+01   3.8358e+01
   8.8900e+02  -8.5401e+01   3.7512e+01
   8.9000e+02   1.5582e+02   3.8076e+01
   8.9100e+02   1.8071e+02   3.8781e+01
   8.9200e+02   1.3290e+02   3.9204e+01
   8.9300e+02   1.0907e+02   3.9487e+01
   8.9400e+02   1.2399e+01   3.9204e+01
   8.9500e+02   1.0907e+02   3.9487e+01
   8.9600e+02   6.0865e+01   3.9487e+01
   8.9700e+02   6.0865e+01   3.9487e+01
   8.9800e+02  -1.1833e+01   3.9063e+01
   8.9900e+02  -1.2225e+01   3.8640e+01
   9.0000e+02  -6.1070e+01   3.7935e+01
   9.0100e+02  -1.3098e+01   3.7512e+01
   9.0200e+02   3.4828e+01   3.7371e+01
   9.0300e+02   5.8929e+01   3.7371e+01
   9.0400e+02   5.8929e+01   3.7371e+01
   9.0500e+02   1.0477e+01   3.7089e+01
   9.0600e+02   3.4453e+01   3.6948e+01
   9.0700e+02   5.8554e+01   3.6948e+01
   9.0800e+02  -1.4119e+01   3.6525e+01
   9.0900e+02  -1.4485e+01   3.6101e+01
   9.1000e+02   5.7817e+01   3.6101e+01
   9.1100e+02   1.3049e+02   3.6525e+01
   9.1200e+02   3.3960e+01   3.6384e+01
   9.1300e+02  -1.4606e+01   3.5960e+01
   9.1400e+02  -1.6013e+02   3.4692e+01
   9.1500e+02  -2.0958e+02   3.3141e+01
   9.1600e+02  -2.5934e+02   3.1307e+01
   9.1700e+02  -9.1110e+01   3.0461e+01
   9.1800e+02   5.3345e+01   3.0461e+01
   9.1900e+02   7.7549e+01   3.0602e+01
   9.2000e+02   2.7115e+02   3.1871e+01
   9.2100e+02   2.4807e+02   3.2999e+01
   9.2200e+02   2.0039e+02   3.3845e+01
   9.2300e+02   1.0437e+02   3.4127e+01
   9.2400e+02   1.0460e+02   3.4409e+01
   9.2500e+02   1.7748e+02   3.5115e+01
   9.2600e+02   1.0542e+02   3.5397e+01
   9.2700e+02   8.1287e+01   3.5537e+01
   9.2800e+02   8.1556e+01   3.5678e+01
   9.2900e+02   1.0590e+02   3.5960e+01
   9.3000e+02  -1.4967e+01   3.5537e+01
   9.3100e+02   9.0468e+00   3.5256e+01
   9.3200e+02   5.7099e+01   3.5256e+01
   9.3300e+02   5.7099e+01   3.5256e+01
   9.3400e+02  -1.5557e+01   3.4833e+01
   9.3500e+02   8.3105e+00   3.4550e+01
   9.3600e+02   8.0792e+00   3.4268e+01
   9.3700e+02   5.6281e+01   3.4268e+01
   9.3800e+02   1.0471e+02   3.4550e+01
   9.3900e+02   1.7760e+02   3.5256e+01
   9.4000e+02   5.7099e+01   3.5256e+01
   9.4100e+02  -3.9775e+01   3.4692e+01
   9.4200e+02   5.6629e+01   3.4692e+01
   9.4300e+02  -6.4453e+01   3.3986e+01
   9.4400e+02   1.5292e+02   3.4550e+01
   9.4500e+02   2.0182e+02   3.5397e+01
   9.4600e+02   1.7817e+02   3.6101e+01
   9.4700e+02  -6.3137e+01   3.5397e+01
   9.4800e+02  -2.0917e+02   3.3845e+01
   9.4900e+02  -4.2796e+02   3.1025e+01
   9.5000e+02  -4.0590e+02   2.8346e+01
   9.5100e+02  -7.2187e+02   2.3833e+01
   9.5200e+02  -7.4835e+02   1.9179e+01
   9.5300e+02  -7.5023e+02   1.4525e+01
   9.5400e+02  -7.5174e+02   9.8712e+00
   9.5500e+02  -7.5531e+02   5.2178e+00
   9.5600e+02  -7.8752e+02   5.6409e-01
   9.5700e+02  -9.6364e+01   0.0000e+00
   9.5800e+02   0.0000e+00   0.0000e+00
   9.5900e+02   0.0000e+00   0.0000e+00
   9.6000e+02   5.1209e+02   2.8205e+00
   9.6100e+02   8.3722e+02   7.4741e+00
   9.6200e+02   8.3896e+02   1.2128e+01
   9.6300e+02   8.4067e+02   1.6781e+01
   9.6400e+02   8.4279e+02   2.1435e+01
   9.6500e+02   6.0372e+02   2.4679e+01
   9.6600e+02   3.1545e+02   2.6230e+01
   9.6700e+02   3.8903e+02   2.8205e+01
   9.6800e+02   3.1780e+02   2.9756e+01
   9.6900e+02   2.7067e+02   3.1025e+01
   9.7000e+02   2.9568e+02   3.2435e+01
   9.7100e+02   4.1787e+02   3.4550e+01
   9.7200e+02   4.9234e+02   3.7089e+01
   9.7300e+02   3.4927e+02   3.8781e+01
   9.7400e+02   2.0560e+02   3.9628e+01
   9.7500e+02   1.3355e+02   4.0050e+01
   9.7600e+02   8.5635e+01   4.0191e+01
   9.7700e+02   6.1534e+01   4.0191e+01
   9.7800e+02   6.1534e+01   4.0191e+01
   9.7900e+02  -1.3219e+02   3.9063e+01
   9.8000e+02   1.2006e+01   3.8781e+01
   9.8100e+02  -1.2484e+01   3.8358e+01
   9.8200e+02  -3.7096e+01   3.7794e+01
   9.8300e+02  -1.3224e+01   3.7371e+01
   9.8400e+02  -6.2197e+01   3.6666e+01
   9.8500e+02  -1.4363e+01   3.6243e+01
   9.8600e+02  -6.3168e+01   3.5537e+01
   9.8700e+02  -2.3312e+02   3.3845e+01
   9.8800e+02  -4.2796e+02   3.1025e+01
   9.8900e+02  -6.7261e+01   3.0320e+01
   9.9000e+02   5.3243e+01   3.0320e+01
   9.9100e+02   1.2585e+02   3.0743e+01
   9.9200e+02   2.2284e+02   3.1730e+01
   9.9300e+02   1.7533e+02   3.2435e+01
   9.9400e+02   6.4056e+00   3.2153e+01
   9.9500e+02   5.4607e+01   3.2153e+01
   9.9600e+02   1.0303e+02   3.2435e+01
   9.9700e+02  -1.7803e+01   3.2012e+01
   9.9800e+02   5.4499e+01   3.2012e+01
   9.9900e+02   5.4499e+01   3.2012e+01
   1.0000e+03   2.4818e+02   3.3141e+01
   1.0010e+03   1.7629e+02   3.3845e+01
   1.0020e+03   2.0123e+02   3.4692e+01
   1.0030e+03   1.0506e+02   3.4974e+01
   1.0040e+03   1.2952e+02   3.5397e+01
   1.0050e+03   1.5395e+02   3.5960e+01
   1.0060e+03   8.1918e+01   3.6101e+01
   1.0070e+03   3.3596e+01   3.5960e+01
   1.0080e+03  -6.3256e+01   3.5256e+01
   1.0090e+03  -1.6086e+02   3.3986e+01
   1.0100e+03  -4.0805e+01   3.3422e+01
   1.0110e+03  -6.5311e+01   3.2717e+01
   1.0120e+03  -1.7587e+01   3.2294e+01
   1.0130e+03  -4.2118e+01   3.1730e+01
   1.0140e+03  -6.6596e+01   3.1025e+01
   1.0150e+03  -4.3058e+01   3.0461e+01
   1.0160e+03  -2.1271e+02   2.8910e+01
   1.0170e+03  -6.7318e+02   2.4679e+01
   1.0180e+03  -7.4796e+02   2.0025e+01
   1.0190e+03  -7.4992e+02   1.5372e+01
   1.0200e+03  -7.5146e+02   1.0718e+01
   1.0210e+03  -7.5404e+02   6.0640e+00
   1.0220e+03  -7.7725e+02   1.4102e+00
   1.0230e+03  -2.4090e+02   0.0000e+00
   1.0240e+03   0.0000e+00   0.0000e+00
   1.0250e+03   0.0000e+00   0.0000e+00
   1.0260e+03   0.0000e+00   0.0000e+00
   1.0270e+03   0.0000e+00   0.0000e+00
   1.0280e+03   0.0000e+00   0.0000e+00
   1.0290e+03   0.0000e+00   0.0000e+00
   1.0300e+03   0.0000e+00   0.0000e+00
   1.0310e+03   0.0000e+00   0.0000e+00
   1.0320e+03   0.0000e+00   0.0000e+00
   1.0330e+03   0.0000e+00   0.0000e+00
   1.0340e+03   0.0000e+00   0.0000e+00
   1.0350e+03   0.0000e+00   0.0000e+00
   1.0360e+03   0.0000e+00   0.0000e+00
   1.0370e+03   0.0000e+00   0.0000e+00
   1.0380e+03   0.0000e+00   0.0000e+00
   1.0390e+03   0.0000e+00   0.0000e+00
   1.0400e+03   0.0000e+00   0.0000e+00
   1.0410e+03   0.0000e+00   0.0000e+00
   1.0420e+03   0.0000e+00   0.0000e+00
   1.0430e+03   0.0000e+00   0.0000e+00
   1.0440e+03   0.0000e+00   0.0000e+00
   1.0450e+03   0.0000e+00   0.0000e+00
   1.0460e+03   0.0000e+00   0.0000e+00
   1.0470e+03   0.0000e+00   0.0000e+00
   1.0480e+03   0.0000e+00   0.0000e+00
   1.0490e+03   0.0000e+00   0.0000e+00
   1.0500e+03   0.0000e+00   0.0000e+00
   1.0510e+03   0.0000e+00   0.0000e+00
   1.0520e+03   0.0000e+00   0.0000e+00
   1.0530e+03   3.0986e+02   1.6923e+00
   1.0540e+03   7.1492e+02   5.6409e+00
   1.0550e+03   8.3840e+02   1.0294e+01
   1.0560e+03   8.3998e+02   1.4948e+01
   1.0570e+03   8.4190e+02   1.9602e+01
   1.0580e+03   7.9596e+02   2.3974e+01
   1.0590e+03   4.1176e+02   2.6089e+01
   1.0600e+03   4.1313e+02   2.8205e+01
   1.0610e+03   4.8722e+02   3.0743e+01
   1.0620e+03   3.4388e+02   3.2435e+01
   1.0630e+03   2.9680e+02   3.3845e+01
   1.0640e+03   2.4967e+02   3.4974e+01
   1.0650e+03   2.5047e+02   3.6101e+01
   1.0660e+03   2.7584e+02   3.7371e+01
   1.0670e+03   1.3146e+02   3.7794e+01
   1.0680e+03   2.0468e+02   3.8640e+01
   1.0690e+03   1.8124e+02   3.9345e+01
   1.0700e+03   1.5752e+02   3.9909e+01
   1.0710e+03  -1.1287e+01   3.9487e+01
   1.0720e+03  -6.0296e+01   3.8781e+01
   1.0730e+03  -6.0942e+01   3.8076e+01
   1.0740e+03   5.9562e+01   3.8076e+01
   1.0750e+03  -1.0988e+02   3.7089e+01
   1.0760e+03  -3.7715e+02   3.4550e+01
   1.0770e+03  -4.2758e+02   3.1730e+01
   1.0780e+03  -1.8762e+02   3.0320e+01
   1.0790e+03  -1.6456e+02   2.9050e+01
   1.0800e+03  -5.7635e+02   2.5384e+01
   1.0810e+03  -6.7510e+02   2.1153e+01
   1.0820e+03  -6.0455e+02   1.7346e+01
   1.0830e+03  -2.4385e+02   1.5654e+01
   1.0840e+03  -7.5556e+01   1.4948e+01
   1.0850e+03  -9.9954e+01   1.4102e+01
   1.0860e+03  -7.5941e+01   1.3397e+01
   1.0870e+03  -5.2173e+01   1.2833e+01
   1.0880e+03  -5.2353e+01   1.2269e+01
   1.0890e+03   1.9905e+01   1.2128e+01
   1.0900e+03   9.2297e+01   1.2410e+01
   1.0910e+03   9.2386e+01   1.2692e+01
   1.0920e+03  -2.8252e+01   1.2269e+01
   1.0930e+03   1.9905e+01   1.2128e+01
   1.0940e+03  -1.0071e+02   1.1282e+01
   1.0950e+03  -1.9772e+02   9.8712e+00
   1.0960e+03  -4.3983e+02   7.0511e+00
   1.0970e+03  -1.5195e+02   5.9229e+00
   1.0980e+03  -3.5053e+02   3.6666e+00
   1.0990e+03  -3.6770e+02   1.4102e+00
   1.1000e+03  -2.4090e+02   0.0000e+00
   1.1010e+03   2.5980e+01   1.4102e-01
   1.1020e+03   1.3154e+02   8.4614e-01
   1.1030e+03   2.6694e+02   2.2564e+00
   1.1040e+03   5.2115e+02   5.0768e+00
   1.1050e+03   8.3818e+02   9.7301e+00
   1.1060e+03   7.9148e+02   1.4102e+01
   1.1070e+03   7.2085e+02   1.8051e+01
   1.1080e+03   3.3600e+02   1.9743e+01
   1.1090e+03   1.6763e+02   2.0448e+01
   1.1100e+03   4.0987e+02   2.2564e+01
   1.1110e+03   5.5587e+02   2.5525e+01
   1.1120e+03   5.0953e+02   2.8205e+01
   1.1130e+03   2.9360e+02   2.9614e+01
   1.1140e+03   1.0114e+02   2.9897e+01
   1.1150e+03   7.7141e+01   3.0038e+01
   1.1160e+03   7.7242e+01   3.0179e+01
   1.1170e+03   1.2575e+02   3.0602e+01
   1.1180e+03   2.4694e+02   3.1730e+01
   1.1190e+03   1.7533e+02   3.2435e+01
   1.1200e+03   2.4837e+02   3.3563e+01
   1.1210e+03   2.2522e+02   3.4550e+01
   1.1220e+03   1.7760e+02   3.5256e+01
   1.1230e+03   3.2880e+01   3.5115e+01
   1.1240e+03   3.2762e+01   3.4974e+01
   1.1250e+03   1.0530e+02   3.5256e+01
   1.1260e+03   1.5383e+02   3.5819e+01
   1.1270e+03   1.5446e+02   3.6384e+01
   1.1280e+03   1.0651e+02   3.6666e+01
   1.1290e+03   1.5521e+02   3.7230e+01
   1.1300e+03   1.0726e+02   3.7512e+01
   1.1310e+03   1.3159e+02   3.7935e+01
   1.1320e+03   8.3663e+01   3.8076e+01
   1.1330e+03   5.9562e+01   3.8076e+01
   1.1340e+03   5.9562e+01   3.8076e+01
   1.1350e+03   3.5333e+01   3.7935e+01
   1.1360e+03   3.5206e+01   3.7794e+01
   1.1370e+03   5.9307e+01   3.7794e+01
   1.1380e+03  -1.3224e+01   3.7371e+01
   1.1390e+03   3.4702e+01   3.7230e+01
   1.1400e+03  -3.8097e+01   3.6666e+01
   1.1410e+03  -6.2808e+01   3.5960e+01
   1.1420e+03  -1.6013e+02   3.4692e+01
   1.1430e+03  -2.0958e+02   3.3141e+01
   1.1440e+03  -4.2862e+02   3.0320e+01
   1.1450e+03  -3.0959e+02   2.8205e+01
   1.1460e+03  -5.5267e+02   2.4679e+01
   1.1470e+03  -3.1300e+02   2.2564e+01
   1.1480e+03  -4.3493e+02   1.9743e+01
   1.1490e+03  -7.5003e+02   1.5089e+01
   1.1500e+03  -7.5155e+02   1.0436e+01
   1.1510e+03  -7.5440e+02   5.7819e+00
   1.1520e+03  -7.8047e+02   1.1282e+00
   1.1530e+03  -1.9273e+02   0.0000e+00
   1.1540e+03   0.0000e+00   0.0000e+00
   1.1550e+03   0.0000e+00   0.0000e+00
   1.1560e+03   0.0000e+00   0.0000e+00
   1.1570e+03   0.0000e+00   0.0000e+00
   1.1580e+03   0.0000e+00   0.0000e+00
   1.1590e+03   0.0000e+00   0.0000e+00
   1.1600e+03   0.0000e+00   0.0000e+00
   1.1610e+03   0.0000e+00   0.0000e+00
   1.1620e+03   0.0000e+00   0.0000e+00
   1.1630e+03   0.0000e+00   0.0000e+00
   1.1640e+03   0.0000e+00   0.0000e+00
   1.1650e+03   0.0000e+00   0.0000e+00
   1.1660e+03   0.0000e+00   0.0000e+00
   1.1670e+03   0.0000e+00   0.0000e+00
   1.1680e+03   0.0000e+00   0.0000e+00
   1.1690e+03   5.3708e+02   2.9614e+00
   1.1700e+03   8.3732e+02   7.6152e+00
   1.1710e+03   8.3900e+02   1.2269e+01
   1.1720e+03   8.4073e+02   1.6923e+01
   1.1730e+03   8.4287e+02   2.1576e+01
   1.1740e+03   8.4552e+02   2.6230e+01
   1.1750e+03   6.5506e+02   2.9756e+01
   1.1760e+03   5.1259e+02   3.2435e+01
   1.1770e+03   1.7588e+02   3.3141e+01
   1.1780e+03  -6.5680e+01   3.2435e+01
   1.1790e+03  -6.6219e+01   3.1730e+01
   1.1800e+03  -5.5045e+02   2.8205e+01
   1.1810e+03  -7.4613e+02   2.3551e+01
   1.1820e+03  -7.4848e+02   1.8897e+01
   1.1830e+03  -7.5033e+02   1.4243e+01
   1.1840e+03  -7.5168e+02   9.5899e+00
   1.1850e+03  -7.5603e+02   4.9358e+00
   1.1860e+03  -7.9123e+02   2.8205e-01
   1.1870e+03  -4.8182e+01   0.0000e+00
   1.1880e+03   0.0000e+00   0.0000e+00
   1.1890e+03   0.0000e+00   0.0000e+00
   1.1900e+03   0.0000e+00   0.0000e+00
   1.1910e+03   0.0000e+00   0.0000e+00
   1.1920e+03   0.0000e+00   0.0000e+00
   1.1930e+03   0.0000e+00   0.0000e+00
   1.1940e+03   0.0000e+00   0.0000e+00
   1.1950e+03   0.0000e+00   0.0000e+00
   1.1960e+03   0.0000e+00   0.0000e+00
   1.1970e+03   5.1954e+01   2.8205e-01
   1.1980e+03   3.3799e+02   2.1153e+00
   1.1990e+03   5.2086e+02   4.9358e+00
   1.2000e+03   7.6581e+02   9.1667e+00
   1.2010e+03   8.3958e+02   1.3821e+01
   1.2020e+03   5.7562e+02   1.6923e+01
   1.2030e+03   2.6314e+02   1.8192e+01
   1.2040e+03   7.0246e+01   1.8332e+01
   1.2050e+03  -5.0201e+01   1.7769e+01
   1.2060e+03   9.4375e+01   1.8051e+01
   1.2070e+03   1.1851e+02   1.8474e+01
   1.2080e+03   4.6357e+01   1.8474e+01
   1.2090e+03   2.6384e+02   1.9743e+01
   1.2100e+03   4.0935e+02   2.1859e+01
   1.2110e+03   4.1050e+02   2.3974e+01
   1.2120e+03   4.3595e+02   2.6230e+01
   1.2130e+03   3.1645e+02   2.7781e+01
   1.2140e+03   3.6590e+02   2.9614e+01
   1.2150e+03   1.7375e+02   3.0320e+01
   1.2160e+03   1.2585e+02   3.0743e+01
   1.2170e+03   5.3551e+01   3.0743e+01
   1.2180e+03  -1.9059e+01   3.0320e+01
   1.2190e+03  -1.9363e+01   2.9897e+01
   1.2200e+03   1.2555e+02   3.0320e+01
   1.2210e+03   1.2585e+02   3.0743e+01
   1.2220e+03   1.0196e+02   3.1025e+01
   1.2230e+03   2.9554e+01   3.0884e+01
   1.2240e+03   5.2462e+00   3.0602e+01
   1.2250e+03   5.0415e+00   3.0320e+01
   1.2260e+03   5.3243e+01   3.0320e+01
   1.2270e+03   2.9041e+01   3.0179e+01
   1.2280e+03  -2.6130e+02   2.8346e+01
   1.2290e+03  -9.3304e+01   2.7499e+01
   1.2300e+03  -2.1277e+01   2.7076e+01
   1.2310e+03   1.4780e+02   2.7640e+01
   1.2320e+03   9.9781e+01   2.7922e+01
   1.2330e+03   9.9970e+01   2.8205e+01
   1.2340e+03  -6.9204e+01   2.7499e+01
   1.2350e+03  -4.3217e+02   2.4679e+01
   1.2360e+03  -4.3388e+02   2.1859e+01
   1.2370e+03  -5.5608e+02   1.8332e+01
   1.2380e+03  -6.7807e+02   1.4102e+01
   1.2390e+03  -4.3797e+02   1.1282e+01
   1.2400e+03  -4.3910e+02   8.4614e+00
   1.2410e+03  -4.4145e+02   5.6409e+00
   1.2420e+03  -3.2710e+02   3.5256e+00
   1.2430e+03  -4.2082e+02   9.8712e-01
   1.2440e+03  -1.6863e+02   0.0000e+00
   1.2450e+03   0.0000e+00   0.0000e+00
   1.2460e+03   0.0000e+00   0.0000e+00
   1.2470e+03   0.0000e+00   0.0000e+00
   1.2480e+03   0.0000e+00   0.0000e+00
   1.2490e+03   0.0000e+00   0.0000e+00
   1.2500e+03   0.0000e+00   0.0000e+00
   1.2510e+03   0.0000e+00   0.0000e+00
   1.2520e+03   2.5867e+02   1.4102e+00
   1.2530e+03   1.7764e+01   1.4102e+00
   1.2540e+03   1.7764e+01   1.4102e+00
   1.2550e+03   1.7764e+01   1.4102e+00
   1.2560e+03   1.7764e+01   1.4102e+00
   1.2570e+03   1.7059e+02   2.2564e+00
   1.2580e+03   3.7435e+02   4.2306e+00
   1.2590e+03   2.8129e+02   5.6409e+00
   1.2600e+03   2.8283e+02   7.0511e+00
   1.2610e+03   3.5614e+02   8.8845e+00
   1.2620e+03   4.5331e+02   1.1282e+01
   1.2630e+03   5.2637e+02   1.4102e+01
   1.2640e+03   1.6540e+02   1.4807e+01
   1.2650e+03  -1.9644e+02   1.3397e+01
   1.2660e+03  -1.9705e+02   1.1987e+01
   1.2670e+03  -1.7319e+02   1.0718e+01
   1.2680e+03   3.3315e+02   1.2410e+01
   1.2690e+03   5.7522e+02   1.5513e+01
   1.2700e+03   7.6966e+02   1.9743e+01
   1.2710e+03   7.7186e+02   2.3974e+01
   1.2720e+03   6.5352e+02   2.7499e+01
   1.2730e+03   4.1410e+02   2.9614e+01
   1.2740e+03   2.4636e+02   3.0743e+01
   1.2750e+03   1.5022e+02   3.1307e+01
   1.2760e+03   2.4763e+02   3.2435e+01
   1.2770e+03   2.0009e+02   3.3282e+01
   1.2780e+03   1.7641e+02   3.3986e+01
   1.2790e+03   1.5292e+02   3.4550e+01
   1.2800e+03   5.6512e+01   3.4550e+01
   1.2810e+03  -6.4567e+01   3.3845e+01
   1.2820e+03  -6.4979e+01   3.3141e+01
   1.2830e+03   5.5375e+01   3.3141e+01
   1.2840e+03   5.5375e+01   3.3141e+01
   1.2850e+03   5.5375e+01   3.3141e+01
   1.2860e+03   5.5375e+01   3.3141e+01
   1.2870e+03   5.5375e+01   3.3141e+01
   1.2880e+03   1.7629e+02   3.3845e+01
   1.2890e+03   8.0152e+01   3.3986e+01
   1.2900e+03   1.5292e+02   3.4550e+01
   1.2910e+03   1.0495e+02   3.4833e+01
   1.2920e+03   1.2940e+02   3.5256e+01
   1.2930e+03   1.5383e+02   3.5819e+01
   1.2940e+03   1.0602e+02   3.6101e+01
   1.2950e+03   8.2040e+01   3.6243e+01
   1.2960e+03   1.3061e+02   3.6666e+01
   1.2970e+03   1.0676e+02   3.6948e+01
   1.2980e+03   2.5222e+02   3.8076e+01
   1.2990e+03   2.5341e+02   3.9204e+01
   1.3000e+03   1.8162e+02   3.9909e+01
   1.3010e+03   2.3092e+02   4.0896e+01
   1.3020e+03   8.6454e+01   4.1038e+01
   1.3030e+03   3.8114e+01   4.0896e+01
   1.3040e+03  -1.7999e+02   3.9487e+01
   1.3050e+03  -7.3828e+02   3.4833e+01
   1.3060e+03  -7.4189e+02   3.0179e+01
   1.3070e+03  -7.4497e+02   2.5525e+01
   1.3080e+03  -7.4755e+02   2.0871e+01
   1.3090e+03  -7.4960e+02   1.6217e+01
   1.3100e+03  -7.5105e+02   1.1564e+01
   1.3110e+03  -7.5324e+02   6.9101e+00
   1.3120e+03  -7.6897e+02   2.2564e+00
   1.3130e+03  -3.8546e+02   0.0000e+00
   1.3140e+03   0.0000e+00   0.0000e+00
   1.3150e+03   0.0000e+00   0.0000e+00
   1.3160e+03   0.0000e+00   0.0000e+00
   1.3170e+03   0.0000e+00   0.0000e+00
   1.3180e+03   0.0000e+00   0.0000e+00
   1.3190e+03   0.0000e+00   0.0000e+00
   1.3200e+03   0.0000e+00   0.0000e+00
   1.3210e+03   0.0000e+00   0.0000e+00
   1.3220e+03   0.0000e+00   0.0000e+00
   1.3230e+03   0.0000e+00   0.0000e+00
   1.3240e+03   0.0000e+00   0.0000e+00
   1.3250e+03   0.0000e+00   0.0000e+00
   1.3260e+03   0.0000e+00   0.0000e+00
   1.3270e+03   0.0000e+00   0.0000e+00
   1.3280e+03   0.0000e+00   0.0000e+00
   1.3290e+03   0.0000e+00   0.0000e+00
   1.3300e+03   0.0000e+00   0.0000e+00
   1.3310e+03   0.0000e+00   0.0000e+00
   1.3320e+03   0.0000e+00   0.0000e+00
   1.3330e+03   0.0000e+00   0.0000e+00
   1.3340e+03   0.0000e+00   0.0000e+00
   1.3350e+03   0.0000e+00   0.0000e+00
   1.3360e+03   0.0000e+00   0.0000e+00
   1.3370e+03   0.0000e+00   0.0000e+00
   1.3380e+03   3.8617e+02   2.1153e+00
   1.3390e+03   8.3671e+02   6.7691e+00
   1.3400e+03   8.3883e+02   1.1423e+01
   1.3410e+03   8.4040e+02   1.6077e+01
   1.3420e+03   4.7993e+02   1.8615e+01
   1.3430e+03   5.0546e+02   2.1294e+01
   1.3440e+03   4.5854e+02   2.3692e+01
   1.3450e+03   4.1159e+02   2.5807e+01
   1.3460e+03   3.4036e+02   2.7499e+01
   1.3470e+03   2.4486e+02   2.8628e+01
   1.3480e+03   2.9390e+02   3.0038e+01
   1.3490e+03   1.9826e+02   3.0884e+01
   1.3500e+03   1.0206e+02   3.1166e+01
   1.3510e+03   1.2633e+02   3.1589e+01
   1.3520e+03  -4.2495e+01   3.1025e+01
   1.3530e+03  -4.3058e+01   3.0461e+01
   1.3540e+03  -6.7665e+01   2.9756e+01
   1.3550e+03  -9.2207e+01   2.8910e+01
   1.3560e+03  -6.8736e+01   2.8205e+01
   1.3570e+03  -4.5010e+01   2.7640e+01
   1.3580e+03  -2.1456e+02   2.6089e+01
   1.3590e+03  -1.9131e+02   2.4679e+01
   1.3600e+03  -1.9227e+02   2.3268e+01
   1.3610e+03  -1.9287e+02   2.1859e+01
   1.3620e+03  -3.1443e+02   1.9743e+01
   1.3630e+03  -6.7757e+02   1.5513e+01
   1.3640e+03  -6.7898e+02   1.1282e+01
   1.3650e+03  -6.3245e+02   7.3332e+00
   1.3660e+03  -6.1619e+02   3.5256e+00
   1.3670e+03  -6.0228e+02   0.0000e+00
   1.3680e+03   0.0000e+00   0.0000e+00
   1.3690e+03   0.0000e+00   0.0000e+00
