  0.00000000   0.00000000
  0.00000000   0.00000000
  0.00000000   0.00000000
  0.00000000   0.00000000
  0.00000000   0.00000000
  0.00000000   0.00000000
  0.00000000   0.00000000
  0.00000000   0.00000000
  0.00000000   0.00000000
  0.00000000   0.00000000
  0.00000000   0.00000000
  0.00000000   0.00000000
  0.00000000   0.00000000
  0.00000000   0.00000000
  0.00000000   0.00000000
  0.00000000   0.00000000
  0.00000000   0.00000000
  0.00000000   0.00000000
  0.00000000   0.00000000
  0.00000000   0.00000000
  0.00000000   0.00000000
759.81000000   4.23060000
741.33000000   8.32030000
694.41000000  12.12800000
744.05000000  16.21700000
721.81000000  20.16600000
675.38000000  23.83300000
145.79000000  24.39700000
242.71000000  25.52500000
678.76000000  29.19100000
294.46000000  30.60200000
222.73000000  31.58900000
 78.38600000  31.73000000
-42.39000000  31.16600000
-91.36200000  30.32000000
-91.96500000  29.47300000
-68.20300000  28.76900000
-93.02500000  27.92200000
-625.38000000  23.97400000
-458.42000000  21.01200000
 47.55200000  21.01200000
120.07000000  21.43500000
120.29000000  21.85900000
168.86000000  22.56400000
314.18000000  24.11500000
532.65000000  26.93500000
534.71000000  29.75600000
439.96000000  32.01200000
102.92000000  32.29400000
  6.29780000  32.01200000
 30.29100000  31.87100000
-260.12000000  30.03800000
-503.17000000  26.79500000
-408.55000000  24.11500000
-264.95000000  22.28200000
 48.20700000  22.28200000
507.33000000  24.96100000
557.55000000  27.92200000
487.01000000  30.46100000
440.51000000  32.71700000
297.02000000  34.12700000
153.03000000  34.69200000
129.28000000  35.11500000
 81.20000000  35.25600000
-39.77500000  34.69200000
 32.41100000  34.55000000
104.95000000  34.83300000
 80.96300000  34.97400000
 32.64500000  34.83300000
 32.52800000  34.69200000
 56.62900000  34.69200000
177.72000000  35.39700000
178.17000000  36.10100000
 82.04000000  36.24300000
-14.72700000  35.81900000
-63.37400000  35.11500000
 81.20000000  35.25600000
153.83000000  35.81900000
202.91000000  36.66600000
 58.30700000  36.66600000
-14.36300000  36.24300000
154.83000000  36.80700000
203.64000000  37.65200000
253.01000000  38.78100000
326.63000000  40.33200000
231.34000000  41.32000000
183.68000000  42.02400000
136.06000000  42.44700000
136.49000000  42.87100000
136.92000000  43.29400000
 64.61900000  43.29400000
 16.12800000  43.01200000
 40.08400000  42.87100000
 39.94000000  42.73000000
 88.28600000  42.87100000
161.17000000  43.43500000
-32.21800000  42.87100000
-57.03300000  42.16500000
-33.34500000  41.60200000
135.48000000  42.02400000
184.55000000  42.73000000
161.02000000  43.29400000
113.11000000  43.57600000
 89.15900000  43.71700000
 40.81100000  43.57600000
-56.31900000  42.87100000
-81.27600000  42.02400000
 87.57100000  42.16500000
136.20000000  42.58900000
185.12000000  43.29400000
185.86000000  43.99900000
210.70000000  44.84500000
163.26000000  45.40900000
115.36000000  45.69100000
 18.65300000  45.40900000
-54.40700000  44.70400000
-685.16000000  40.33200000
-737.57000000  35.67800000
-741.12000000  31.02500000
-744.45000000  26.37100000
-747.12000000  21.71700000
-749.27000000  17.06400000
-750.93000000  12.41000000
-752.57000000   7.75620000
-762.97000000   3.10250000
-530.01000000   0.00000000
  0.00000000   0.00000000
  0.00000000   0.00000000
  0.00000000   0.00000000
  0.00000000   0.00000000
  0.00000000   0.00000000
  0.00000000   0.00000000
  0.00000000   0.00000000
  0.00000000   0.00000000
  0.00000000   0.00000000
  0.00000000   0.00000000
  0.00000000   0.00000000
  0.00000000   0.00000000
  0.00000000   0.00000000
  0.00000000   0.00000000
  0.00000000   0.00000000
  0.00000000   0.00000000
  0.00000000   0.00000000
  0.00000000   0.00000000
  0.00000000   0.00000000
  0.00000000   0.00000000
  0.00000000   0.00000000
  0.00000000   0.00000000
  0.00000000   0.00000000
  0.00000000   0.00000000
  0.00000000   0.00000000
  0.00000000   0.00000000
  0.00000000   0.00000000
  0.00000000   0.00000000
  0.00000000   0.00000000
  0.00000000   0.00000000
  0.00000000   0.00000000
  0.00000000   0.00000000
  0.00000000   0.00000000
  0.00000000   0.00000000
  0.00000000   0.00000000
  0.00000000   0.00000000
  0.00000000   0.00000000
  0.00000000   0.00000000
833.34000000   4.65370000
838.15000000   9.30780000
839.63000000  13.96200000
841.30000000  18.61500000
843.77000000  23.26800000
846.61000000  27.92200000
632.09000000  31.30700000
562.25000000  34.26800000
419.42000000  36.38400000
203.41000000  37.23000000
-110.77000000  36.24300000
-87.23800000  35.39700000
-39.65800000  34.83300000
129.40000000  35.25600000
105.39000000  35.53700000
105.78000000  35.81900000
154.46000000  36.38400000
397.08000000  38.35800000
-109.63000000  37.37100000
-546.43000000  33.84500000
-258.66000000  32.01200000
-743.82000000  27.35800000
-359.85000000  24.96100000
-71.05300000  24.25600000
266.81000000  25.52500000
170.99000000  26.23000000
389.03000000  28.20500000
583.89000000  31.30700000
610.68000000  34.55000000
734.47000000  38.49900000
835.26000000  43.01200000
791.60000000  47.24200000
723.76000000  51.05000000
340.36000000  52.60200000
560.60000000  55.42100000
370.21000000  57.11400000
469.74000000  59.37000000
424.38000000  61.34400000
475.94000000  63.60100000
309.33000000  64.87000000
286.83000000  65.99800000
264.45000000  66.98600000
 95.74100000  66.98600000
 47.09000000  66.70300000
 70.96700000  66.56200000
 46.42000000  66.28000000
 94.62100000  66.28000000
 94.62100000  66.28000000
 94.62100000  66.28000000
 94.62100000  66.28000000
143.27000000  66.56200000
143.72000000  66.84500000
217.15000000  67.55000000
242.47000000  68.39600000
244.01000000  69.24200000
196.74000000  69.80600000
221.87000000  70.51100000
247.55000000  71.35700000
200.31000000  71.92200000
225.48000000  72.62600000
275.55000000  73.61400000
350.20000000  75.02400000
328.53000000  76.29300000
233.27000000  76.99800000
185.99000000  77.42100000
138.05000000  77.56200000
 89.59000000  77.42100000
 40.61000000  76.99800000
112.91000000  76.99800000
161.63000000  77.28000000
186.52000000  77.70300000
211.66000000  78.26800000
163.84000000  78.54900000
213.25000000  79.11300000
165.58000000  79.39500000
190.48000000  79.81900000
142.55000000  79.96000000
118.45000000  79.96000000
 69.71200000  79.67800000
117.91000000  79.67800000
117.91000000  79.67800000
117.91000000  79.67800000
117.91000000  79.67800000
117.91000000  79.67800000
 93.54500000  79.53600000
 44.54400000  79.11300000
 43.74800000  78.69000000
-54.34300000  77.70300000
 -7.59120000  76.99800000
 15.47800000  76.43400000
 63.31800000  76.15200000
 38.30200000  75.72900000
 86.24900000  75.58800000
183.42000000  76.01100000
135.47000000  76.15200000
135.73000000  76.29300000
111.63000000  76.29300000
 38.55700000  75.87000000
 13.44000000  75.30600000
 12.43100000  74.74200000
 11.43000000  74.17700000
-13.76000000  73.47300000
179.64000000  73.89600000
  9.94440000  73.33200000
 82.00100000  73.19100000
 57.40900000  72.90800000
 56.92000000  72.62600000
129.47000000  72.76700000
154.06000000  73.04900000
178.90000000  73.47300000
203.99000000  74.03700000
229.19000000  74.74200000
230.60000000  75.44700000
231.87000000  76.15200000
330.45000000  77.42100000
235.50000000  78.12700000
163.73000000  78.40900000
212.83000000  78.97200000
116.58000000  78.97200000
 67.84900000  78.69000000
-29.98100000  77.84400000
-56.05100000  76.85700000
-106.41000000  75.58800000
-157.37000000  74.03700000
-135.89000000  72.62600000
105.12000000  72.62600000
105.12000000  72.62600000
  7.74550000  72.06200000
-139.11000000  70.65200000
 77.41400000  70.51100000
125.85000000  70.65200000
 77.41400000  70.51100000
  4.16730000  69.94700000
 76.38600000  69.80600000
100.34000000  69.80600000
100.34000000  69.80600000
  2.99920000  69.24200000
-22.25900000  68.53700000
-23.40500000  67.83100000
-121.69000000  66.56200000
-172.32000000  65.01100000
-174.85000000  63.46000000
-201.32000000  61.76700000
-203.78000000  60.07500000
-181.87000000  58.52400000
-208.29000000  56.83200000
-356.26000000  54.29400000
-286.64000000  52.17800000
-362.02000000  49.64000000
-267.91000000  47.66600000
-245.85000000  45.83200000
-175.21000000  44.42200000
-152.28000000  43.15300000
 40.22900000  43.01200000
-56.89100000  42.30600000
-178.64000000  40.89600000
-301.15000000  38.78100000
-593.56000000  34.97400000
-741.78000000  30.32000000
-285.40000000  28.34600000
-190.07000000  26.93500000
-94.05500000  26.08900000
-312.22000000  23.97400000
-313.38000000  21.85900000
-676.73000000  17.62800000
-364.51000000  15.23000000
-630.78000000  11.28200000
-753.47000000   6.62800000
-771.47000000   1.97430000
-337.28000000   0.00000000
  0.00000000   0.00000000
  0.00000000   0.00000000
  0.00000000   0.00000000
  0.00000000   0.00000000
  0.00000000   0.00000000
  0.00000000   0.00000000
  0.00000000   0.00000000
  0.00000000   0.00000000
  0.00000000   0.00000000
  0.00000000   0.00000000
  0.00000000   0.00000000
  0.00000000   0.00000000
  0.00000000   0.00000000
258.67000000   1.41020000
835.97000000   6.06400000
838.56000000  10.71800000
840.13000000  15.37200000
842.10000000  20.02500000
796.21000000  24.39700000
702.19000000  28.20500000
656.51000000  31.73000000
344.66000000  33.42200000
418.70000000  35.53700000
396.47000000  37.51200000
422.36000000  39.62800000
521.23000000  42.30600000
257.57000000  43.43500000
258.60000000  44.56300000
187.21000000  45.26800000
236.33000000  46.25500000
261.84000000  47.38300000
287.25000000  48.65200000
 94.75300000  48.79300000
143.45000000  49.21700000
 46.88000000  49.07600000
 -1.81430000  48.65200000
119.02000000  48.93400000
264.95000000  50.06300000
193.35000000  50.76800000
 72.99300000  50.76800000
 72.99300000  50.76800000
 72.99300000  50.76800000
 72.99300000  50.76800000
 72.99300000  50.76800000
 97.26500000  50.90900000
145.98000000  51.33200000
 97.95300000  51.47300000
 49.57900000  51.33200000
-23.41000000  50.76800000
-145.28000000  49.49900000
-171.02000000  48.08900000
-75.72700000  47.24200000
-440.32000000  44.28100000
-515.90000000  40.89600000
-737.09000000  36.24300000
-595.60000000  32.43500000
-598.37000000  28.62800000
-624.98000000  24.67900000
-675.60000000  20.44800000
-556.52000000  16.92300000
-750.98000000  12.26900000
-752.64000000   7.61520000
-763.84000000   2.96140000
-505.91000000   0.00000000
  0.00000000   0.00000000
  0.00000000   0.00000000
  0.00000000   0.00000000
  0.00000000   0.00000000
  0.00000000   0.00000000
661.28000000   3.66660000
837.68000000   8.32030000
839.29000000  12.97400000
841.02000000  17.62800000
843.23000000  22.28200000
845.81000000  26.93500000
849.21000000  31.58900000
683.57000000  35.25600000
202.27000000  36.10100000
517.97000000  38.78100000
423.58000000  40.89600000
304.47000000  42.30600000
 87.85600000  42.44700000
 39.51200000  42.30600000
 -8.96370000  41.88400000
-33.77400000  41.32000000
-58.56300000  40.61400000
-131.79000000  39.48700000
-665.63000000  35.25600000
-741.58000000  30.60200000
-744.71000000  25.94800000
-747.33000000  21.29400000
-749.44000000  16.64000000
-751.07000000  11.98700000
-752.81000000   7.33320000
-765.70000000   2.67950000
-457.74000000   0.00000000
  0.00000000   0.00000000
  0.00000000   0.00000000
  0.00000000   0.00000000
  0.00000000   0.00000000
  0.00000000   0.00000000
  0.00000000   0.00000000
  0.00000000   0.00000000
  0.00000000   0.00000000
  0.00000000   0.00000000
  0.00000000   0.00000000
  0.00000000   0.00000000
  0.00000000   0.00000000
  0.00000000   0.00000000
  0.00000000   0.00000000
  0.00000000   0.00000000
  0.00000000   0.00000000
  0.00000000   0.00000000
  0.00000000   0.00000000
833.34000000   4.65370000
838.15000000   9.30780000
839.63000000  13.96200000
841.30000000  18.61500000
843.77000000  23.26800000
846.61000000  27.92200000
849.96000000  32.57600000
853.83000000  37.23000000
397.86000000  39.20400000
375.51000000  41.03800000
643.92000000  44.42200000
429.45000000  46.53700000
213.64000000  47.38300000
360.04000000  49.07600000
143.78000000  49.49900000
192.82000000  50.20400000
193.52000000  50.90900000
 48.89200000  50.76800000
 97.26500000  50.90900000
 97.43600000  51.05000000
 24.79200000  50.76800000
  0.33178000  50.34500000
145.15000000  50.76800000
 72.99300000  50.76800000
-23.93800000  50.20400000
 48.04600000  50.06300000
 47.87800000  49.92200000
 23.44300000  49.64000000
 71.64400000  49.64000000
 71.64400000  49.64000000
 71.64400000  49.64000000
 71.64400000  49.64000000
 71.64400000  49.64000000
 23.11000000  49.35800000
 95.57900000  49.49900000
 95.74500000  49.64000000
144.45000000  50.06300000
 -0.65803000  49.64000000
 23.11000000  49.35800000
 71.31200000  49.35800000
 71.31200000  49.35800000
 22.77900000  49.07600000
 22.45000000  48.79300000
 46.38700000  48.65200000
-171.98000000  47.24200000
-294.81000000  45.12700000
-394.01000000  42.44700000
-444.95000000  39.48700000
-544.67000000  35.96000000
-668.44000000  31.73000000
-598.84000000  27.92200000
-746.29000000  23.26800000
-748.61000000  18.61500000
-653.83000000  14.52500000
-703.44000000  10.15300000
-730.50000000   5.64090000
-704.98000000   1.41020000
-240.90000000   0.00000000
  0.00000000   0.00000000
  0.00000000   0.00000000
  0.00000000   0.00000000
  0.00000000   0.00000000
  0.00000000   0.00000000
309.86000000   1.69230000
593.13000000   4.93580000
524.22000000   7.75620000
283.99000000   9.16670000
525.68000000  11.98700000
309.57000000  13.53800000
261.65000000  14.80700000
382.91000000  16.78100000
552.90000000  19.74300000
530.22000000  22.56400000
459.13000000  24.96100000
364.16000000  26.79500000
316.82000000  28.34600000
269.50000000  29.61400000
294.77000000  31.02500000
295.68000000  32.43500000
248.37000000  33.56300000
225.22000000  34.55000000
153.38000000  35.11500000
 81.20000000  35.25600000
 57.09900000  35.25600000
 57.09900000  35.25600000
 57.09900000  35.25600000
 57.09900000  35.25600000
 57.09900000  35.25600000
202.27000000  36.10100000
106.26000000  36.38400000
106.51000000  36.66600000
-38.58600000  36.10100000
-39.06700000  35.53700000
  9.04680000  35.25600000
 57.09900000  35.25600000
 57.09900000  35.25600000
-88.20900000  34.40900000
-258.23000000  32.57600000
-743.45000000  27.92200000
-746.29000000  23.26800000
-748.61000000  18.61500000
-750.27000000  13.96200000
-751.93000000   9.30780000
-756.71000000   4.65370000
-795.00000000   0.00000000
  0.00000000   0.00000000
  0.00000000   0.00000000
  0.00000000   0.00000000
  0.00000000   0.00000000
  0.00000000   0.00000000
  0.00000000   0.00000000
  0.00000000   0.00000000
  0.00000000   0.00000000
  0.00000000   0.00000000
  0.00000000   0.00000000
  0.00000000   0.00000000
  0.00000000   0.00000000
  0.00000000   0.00000000
  0.00000000   0.00000000
  0.00000000   0.00000000
  0.00000000   0.00000000
833.34000000   4.65370000
838.15000000   9.30780000
839.63000000  13.96200000
792.97000000  18.33200000
432.81000000  20.58900000
385.77000000  22.56400000
290.00000000  23.97400000
 49.13900000  23.97400000
 49.13900000  23.97400000
170.05000000  24.67900000
 97.76600000  24.96100000
 49.71400000  24.96100000
  1.49590000  24.67900000
-71.36500000  23.97400000
 24.95800000  23.83300000
-23.48200000  23.41000000
145.54000000  23.97400000
 73.32100000  24.11500000
 25.03800000  23.97400000
-47.58300000  23.41000000
 24.64100000  23.26800000
 48.74200000  23.26800000
 72.92100000  23.41000000
145.54000000  23.97400000
194.09000000  24.81900000
267.31000000  26.08900000
219.58000000  27.07600000
292.97000000  28.48700000
245.40000000  29.61400000
 76.94000000  29.75600000
 77.04000000  29.89700000
149.75000000  30.46100000
150.16000000  31.02500000
150.43000000  31.58900000
 78.38600000  31.73000000
 54.28500000  31.73000000
 54.28500000  31.73000000
102.70000000  32.01200000
296.46000000  33.42200000
394.63000000  35.39700000
275.06000000  36.66600000
179.43000000  37.37100000
179.92000000  38.07600000
-158.33000000  36.80700000
-740.42000000  32.15300000
-743.73000000  27.49900000
-746.52000000  22.84500000
-748.64000000  18.19200000
-750.57000000  13.53800000
-752.10000000   8.88450000
-757.94000000   4.23060000
-722.72000000   0.00000000
  0.00000000   0.00000000
  0.00000000   0.00000000
  0.00000000   0.00000000
  0.00000000   0.00000000
  0.00000000   0.00000000
  0.00000000   0.00000000
  0.00000000   0.00000000
  0.00000000   0.00000000
  0.00000000   0.00000000
  0.00000000   0.00000000
  0.00000000   0.00000000
  0.00000000   0.00000000
  0.00000000   0.00000000
  0.00000000   0.00000000
  0.00000000   0.00000000
  0.00000000   0.00000000
  0.00000000   0.00000000
  0.00000000   0.00000000
  0.00000000   0.00000000
  0.00000000   0.00000000
  0.00000000   0.00000000
  0.00000000   0.00000000
  0.00000000   0.00000000
  0.00000000   0.00000000
  0.00000000   0.00000000
512.09000000   2.82050000
643.55000000   6.34600000
838.68000000  11.00000000
622.87000000  14.38400000
600.16000000  17.62800000
408.30000000  19.74300000
361.00000000  21.57600000
579.62000000  24.67900000
557.21000000  27.64000000
390.00000000  29.61400000
343.03000000  31.30700000
320.26000000  32.85800000
345.57000000  34.55000000
250.11000000  35.67800000
130.12000000  36.10100000
154.71000000  36.66600000
 82.53100000  36.80700000
 82.65500000  36.94800000
 58.55400000  36.94800000
107.00000000  37.23000000
 83.02900000  37.37100000
 58.92900000  37.37100000
-62.19700000  36.66600000
-62.80800000  35.96000000
-402.13000000  33.28200000
-476.93000000  30.17900000
-648.22000000  26.08900000
-457.30000000  23.12700000
-410.49000000  20.44800000
-653.15000000  16.35800000
-654.57000000  12.26900000
-655.97000000   8.17930000
-515.06000000   4.93580000
-331.10000000   2.82050000
-481.82000000   0.00000000
  0.00000000   0.00000000
  0.00000000   0.00000000
  0.00000000   0.00000000
  0.00000000   0.00000000
  0.00000000   0.00000000
  0.00000000   0.00000000
  0.00000000   0.00000000
  0.00000000   0.00000000
  0.00000000   0.00000000
  0.00000000   0.00000000
  0.00000000   0.00000000
  0.00000000   0.00000000
  0.00000000   0.00000000
360.80000000   1.97430000
496.07000000   4.65370000
306.13000000   6.20500000
548.99000000   9.16670000
694.70000000  12.97400000
551.28000000  15.93600000
576.53000000  19.03800000
312.30000000  20.58900000
482.33000000  23.12700000
121.20000000  23.55100000
  0.54043000  23.26800000
 48.74200000  23.26800000
459.70000000  25.66600000
291.88000000  27.07600000
268.77000000  28.34600000
390.50000000  30.32000000
295.14000000  31.73000000
 54.28500000  31.73000000
-42.39000000  31.16600000
198.95000000  32.01200000
199.76000000  32.85800000
103.58000000  33.14100000
-186.72000000  31.73000000
-163.41000000  30.46100000
-212.71000000  28.91000000
-552.40000000  25.38400000
-675.10000000  21.15300000
-677.02000000  16.92300000
-678.54000000  12.69200000
-631.66000000   8.74330000
-368.26000000   6.34600000
-324.27000000   4.23060000
-185.64000000   2.96140000
-376.15000000   0.70511000
  9.30490000   0.70511000
688.42000000   4.51270000
838.08000000   9.16670000
791.29000000  13.53800000
744.62000000  17.62800000
408.30000000  19.74300000
530.22000000  22.56400000
531.68000000  25.38400000
436.86000000  27.64000000
511.01000000  30.32000000
440.40000000  32.57600000
393.77000000  34.55000000
298.55000000  35.96000000
299.94000000  37.37100000
204.15000000  38.21700000
180.84000000  38.92200000
133.04000000  39.34500000
157.52000000  39.90900000
133.97000000  40.33200000
 61.66900000  40.33200000
-11.03800000  39.90900000
 37.18000000  39.76900000
 12.66400000  39.48700000
-60.29600000  38.78100000
-109.40000000  37.79400000
-255.46000000  35.96000000
-426.34000000  33.14100000
-428.62000000  30.32000000
-551.38000000  26.79500000
-553.63000000  23.26800000
-337.91000000  21.01200000
-532.13000000  17.62800000
-702.46000000  13.25600000
-728.07000000   8.74330000
-733.82000000   4.23060000
-336.55000000   2.11530000
 24.80900000   2.11530000
-231.60000000   0.70511000
-120.45000000   0.00000000
759.81000000   4.23060000
837.96000000   8.88450000
839.49000000  13.53800000
841.26000000  18.19200000
746.83000000  22.28200000
459.11000000  24.67900000
267.07000000  25.94800000
316.26000000  27.49900000
341.50000000  29.19100000
367.07000000  31.02500000
344.10000000  32.71700000
490.76000000  35.25600000
420.29000000  37.37100000
301.07000000  38.78100000
181.37000000  39.48700000
133.42000000  39.90900000
206.68000000  40.75500000
 62.07800000  40.75500000
 62.07800000  40.75500000
 37.84000000  40.61400000
-10.76900000  40.19100000
 13.06300000  39.90900000
 61.26500000  39.90900000
 61.26500000  39.90900000
 37.18000000  39.76900000
-84.26700000  38.92200000
 36.10700000  38.78100000
 60.20800000  38.78100000
 60.20800000  38.78100000
 60.20800000  38.78100000
 60.20800000  38.78100000
 60.20800000  38.78100000
 84.43900000  38.92200000
157.27000000  39.48700000
181.89000000  40.19100000
424.97000000  42.30600000
306.07000000  43.71700000
307.41000000  45.12700000
308.95000000  46.53700000
 68.09000000  46.53700000
213.64000000  47.38300000
166.08000000  47.94800000
142.31000000  48.37000000
 46.05000000  48.23000000
 21.47600000  47.94800000
 69.67700000  47.94800000
 45.41600000  47.80700000
 -3.26580000  47.38300000
-52.25800000  46.67800000
 43.98900000  46.53700000
-53.04000000  45.83200000
-53.95400000  45.12700000
 42.29800000  44.98600000
 -6.35510000  44.56300000
 41.69700000  44.42200000
-152.28000000  43.15300000
-80.99200000  42.30600000
 39.37000000  42.16500000
 63.47100000  42.16500000
 63.47100000  42.16500000
 63.47100000  42.16500000
 -9.10430000  41.74300000
 38.80800000  41.60200000
 62.90800000  41.60200000
 14.42800000  41.32000000
-34.32500000  40.75500000
-107.42000000  39.76900000
-60.03500000  39.06300000
-109.14000000  38.07600000
-303.67000000  35.96000000
-378.07000000  33.42200000
-355.66000000  31.02500000
-309.11000000  28.91000000
-262.29000000  27.07600000
 51.02500000  27.07600000
268.77000000  28.34600000
245.30000000  29.47300000
173.65000000  30.17900000
198.36000000  31.02500000
198.85000000  31.87100000
199.65000000  32.71700000
248.59000000  33.84500000
298.11000000  35.25600000
299.16000000  36.66600000
203.66000000  37.51200000
 59.05400000  37.51200000
107.36000000  37.79400000
107.76000000  38.07600000
108.02000000  38.35800000
205.21000000  39.20400000
133.30000000  39.62800000
230.50000000  40.61400000
 86.17900000  40.75500000
 86.31600000  40.89600000
 86.45400000  41.03800000
 38.11400000  40.89600000
-155.76000000  39.62800000
-84.39700000  38.78100000
-60.94200000  38.07600000
-231.00000000  36.38400000
-135.56000000  35.25600000
-63.99200000  34.55000000
129.17000000  34.97400000
129.52000000  35.39700000
153.95000000  35.96000000
106.14000000  36.24300000
179.06000000  36.94800000
227.99000000  37.93500000
204.81000000  38.78100000
132.90000000  39.20400000
205.85000000  40.05000000
206.82000000  40.89600000
110.69000000  41.17900000
 38.25200000  41.03800000
 38.11400000  40.89600000
 37.97700000  40.75500000
-34.86900000  40.19100000
-35.25500000  39.62800000
 36.76400000  39.48700000
 60.86500000  39.48700000
-36.06500000  38.92200000
-36.58500000  38.35800000
-85.40100000  37.51200000
155.82000000  38.07600000
180.71000000  38.78100000
132.90000000  39.20400000
109.07000000  39.48700000
 12.39900000  39.20400000
109.07000000  39.48700000
 60.86500000  39.48700000
 60.86500000  39.48700000
-11.83300000  39.06300000
-12.22500000  38.64000000
-61.07000000  37.93500000
-13.09800000  37.51200000
 34.82800000  37.37100000
 58.92900000  37.37100000
 58.92900000  37.37100000
 10.47700000  37.08900000
 34.45300000  36.94800000
 58.55400000  36.94800000
-14.11900000  36.52500000
-14.48500000  36.10100000
 57.81700000  36.10100000
130.49000000  36.52500000
 33.96000000  36.38400000
-14.60600000  35.96000000
-160.13000000  34.69200000
-209.58000000  33.14100000
-259.34000000  31.30700000
-91.11000000  30.46100000
 53.34500000  30.46100000
 77.54900000  30.60200000
271.15000000  31.87100000
248.07000000  32.99900000
200.39000000  33.84500000
104.37000000  34.12700000
104.60000000  34.40900000
177.48000000  35.11500000
105.42000000  35.39700000
 81.28700000  35.53700000
 81.55600000  35.67800000
105.90000000  35.96000000
-14.96700000  35.53700000
  9.04680000  35.25600000
 57.09900000  35.25600000
 57.09900000  35.25600000
-15.55700000  34.83300000
  8.31050000  34.55000000
  8.07920000  34.26800000
 56.28100000  34.26800000
104.71000000  34.55000000
177.60000000  35.25600000
 57.09900000  35.25600000
-39.77500000  34.69200000
 56.62900000  34.69200000
-64.45300000  33.98600000
152.92000000  34.55000000
201.82000000  35.39700000
178.17000000  36.10100000
-63.13700000  35.39700000
-209.17000000  33.84500000
-427.96000000  31.02500000
-405.90000000  28.34600000
-721.87000000  23.83300000
-748.35000000  19.17900000
-750.23000000  14.52500000
-751.74000000   9.87120000
-755.31000000   5.21780000
-787.52000000   0.56409000
-96.36400000   0.00000000
  0.00000000   0.00000000
  0.00000000   0.00000000
512.09000000   2.82050000
837.22000000   7.47410000
838.96000000  12.12800000
840.67000000  16.78100000
842.79000000  21.43500000
603.72000000  24.67900000
315.45000000  26.23000000
389.03000000  28.20500000
317.80000000  29.75600000
270.67000000  31.02500000
295.68000000  32.43500000
417.87000000  34.55000000
492.34000000  37.08900000
349.27000000  38.78100000
205.60000000  39.62800000
133.55000000  40.05000000
 85.63500000  40.19100000
 61.53400000  40.19100000
 61.53400000  40.19100000
-132.19000000  39.06300000
 12.00600000  38.78100000
-12.48400000  38.35800000
-37.09600000  37.79400000
-13.22400000  37.37100000
-62.19700000  36.66600000
-14.36300000  36.24300000
-63.16800000  35.53700000
-233.12000000  33.84500000
-427.96000000  31.02500000
-67.26100000  30.32000000
 53.24300000  30.32000000
125.85000000  30.74300000
222.84000000  31.73000000
175.33000000  32.43500000
  6.40560000  32.15300000
 54.60700000  32.15300000
103.03000000  32.43500000
-17.80300000  32.01200000
 54.49900000  32.01200000
 54.49900000  32.01200000
248.18000000  33.14100000
176.29000000  33.84500000
201.23000000  34.69200000
105.06000000  34.97400000
129.52000000  35.39700000
153.95000000  35.96000000
 81.91800000  36.10100000
 33.59600000  35.96000000
-63.25600000  35.25600000
-160.86000000  33.98600000
-40.80500000  33.42200000
-65.31100000  32.71700000
-17.58700000  32.29400000
-42.11800000  31.73000000
-66.59600000  31.02500000
-43.05800000  30.46100000
-212.71000000  28.91000000
-673.18000000  24.67900000
-747.96000000  20.02500000
-749.92000000  15.37200000
-751.46000000  10.71800000
-754.04000000   6.06400000
-777.25000000   1.41020000
-240.90000000   0.00000000
  0.00000000   0.00000000
  0.00000000   0.00000000
  0.00000000   0.00000000
  0.00000000   0.00000000
  0.00000000   0.00000000
  0.00000000   0.00000000
  0.00000000   0.00000000
  0.00000000   0.00000000
  0.00000000   0.00000000
  0.00000000   0.00000000
  0.00000000   0.00000000
  0.00000000   0.00000000
  0.00000000   0.00000000
  0.00000000   0.00000000
  0.00000000   0.00000000
  0.00000000   0.00000000
  0.00000000   0.00000000
  0.00000000   0.00000000
  0.00000000   0.00000000
  0.00000000   0.00000000
  0.00000000   0.00000000
  0.00000000   0.00000000
  0.00000000   0.00000000
  0.00000000   0.00000000
  0.00000000   0.00000000
  0.00000000   0.00000000
  0.00000000   0.00000000
  0.00000000   0.00000000
  0.00000000   0.00000000
309.86000000   1.69230000
714.92000000   5.64090000
838.40000000  10.29400000
839.98000000  14.94800000
841.90000000  19.60200000
795.96000000  23.97400000
411.76000000  26.08900000
413.13000000  28.20500000
487.22000000  30.74300000
343.88000000  32.43500000
296.80000000  33.84500000
249.67000000  34.97400000
250.47000000  36.10100000
275.84000000  37.37100000
131.46000000  37.79400000
204.68000000  38.64000000
181.24000000  39.34500000
157.52000000  39.90900000
-11.28700000  39.48700000
-60.29600000  38.78100000
-60.94200000  38.07600000
 59.56200000  38.07600000
-109.88000000  37.08900000
-377.15000000  34.55000000
-427.58000000  31.73000000
-187.62000000  30.32000000
-164.56000000  29.05000000
-576.35000000  25.38400000
-675.10000000  21.15300000
-604.55000000  17.34600000
-243.85000000  15.65400000
-75.55600000  14.94800000
-99.95400000  14.10200000
-75.94100000  13.39700000
-52.17300000  12.83300000
-52.35300000  12.26900000
 19.90500000  12.12800000
 92.29700000  12.41000000
 92.38600000  12.69200000
-28.25200000  12.26900000
 19.90500000  12.12800000
-100.71000000  11.28200000
-197.72000000   9.87120000
-439.83000000   7.05110000
-151.95000000   5.92290000
-350.53000000   3.66660000
-367.70000000   1.41020000
-240.90000000   0.00000000
 25.98000000   0.14102000
131.54000000   0.84614000
266.94000000   2.25640000
521.15000000   5.07680000
838.18000000   9.73010000
791.48000000  14.10200000
720.85000000  18.05100000
336.00000000  19.74300000
167.63000000  20.44800000
409.87000000  22.56400000
555.87000000  25.52500000
509.53000000  28.20500000
293.60000000  29.61400000
101.14000000  29.89700000
 77.14100000  30.03800000
 77.24200000  30.17900000
125.75000000  30.60200000
246.94000000  31.73000000
175.33000000  32.43500000
248.37000000  33.56300000
225.22000000  34.55000000
177.60000000  35.25600000
 32.88000000  35.11500000
 32.76200000  34.97400000
105.30000000  35.25600000
153.83000000  35.81900000
154.46000000  36.38400000
106.51000000  36.66600000
155.21000000  37.23000000
107.26000000  37.51200000
131.59000000  37.93500000
 83.66300000  38.07600000
 59.56200000  38.07600000
 59.56200000  38.07600000
 35.33300000  37.93500000
 35.20600000  37.79400000
 59.30700000  37.79400000
-13.22400000  37.37100000
 34.70200000  37.23000000
-38.09700000  36.66600000
-62.80800000  35.96000000
-160.13000000  34.69200000
-209.58000000  33.14100000
-428.62000000  30.32000000
-309.59000000  28.20500000
-552.67000000  24.67900000
-313.00000000  22.56400000
-434.93000000  19.74300000
-750.03000000  15.08900000
-751.55000000  10.43600000
-754.40000000   5.78190000
-780.47000000   1.12820000
-192.73000000   0.00000000
  0.00000000   0.00000000
  0.00000000   0.00000000
  0.00000000   0.00000000
  0.00000000   0.00000000
  0.00000000   0.00000000
  0.00000000   0.00000000
  0.00000000   0.00000000
  0.00000000   0.00000000
  0.00000000   0.00000000
  0.00000000   0.00000000
  0.00000000   0.00000000
  0.00000000   0.00000000
  0.00000000   0.00000000
  0.00000000   0.00000000
  0.00000000   0.00000000
537.08000000   2.96140000
837.32000000   7.61520000
839.00000000  12.26900000
840.73000000  16.92300000
842.87000000  21.57600000
845.52000000  26.23000000
655.06000000  29.75600000
512.59000000  32.43500000
175.88000000  33.14100000
-65.68000000  32.43500000
-66.21900000  31.73000000
-550.45000000  28.20500000
-746.13000000  23.55100000
-748.48000000  18.89700000
-750.33000000  14.24300000
-751.68000000   9.58990000
-756.03000000   4.93580000
-791.23000000   0.28205000
-48.18200000   0.00000000
  0.00000000   0.00000000
  0.00000000   0.00000000
  0.00000000   0.00000000
  0.00000000   0.00000000
  0.00000000   0.00000000
  0.00000000   0.00000000
  0.00000000   0.00000000
  0.00000000   0.00000000
  0.00000000   0.00000000
 51.95400000   0.28205000
337.99000000   2.11530000
520.86000000   4.93580000
765.81000000   9.16670000
839.58000000  13.82100000
575.62000000  16.92300000
263.14000000  18.19200000
 70.24600000  18.33200000
-50.20100000  17.76900000
 94.37500000  18.05100000
118.51000000  18.47400000
 46.35700000  18.47400000
263.84000000  19.74300000
409.35000000  21.85900000
410.50000000  23.97400000
435.95000000  26.23000000
316.45000000  27.78100000
365.90000000  29.61400000
173.75000000  30.32000000
125.85000000  30.74300000
 53.55100000  30.74300000
-19.05900000  30.32000000
-19.36300000  29.89700000
125.55000000  30.32000000
125.85000000  30.74300000
101.96000000  31.02500000
 29.55400000  30.88400000
  5.24620000  30.60200000
  5.04150000  30.32000000
 53.24300000  30.32000000
 29.04100000  30.17900000
-261.30000000  28.34600000
-93.30400000  27.49900000
-21.27700000  27.07600000
147.80000000  27.64000000
 99.78100000  27.92200000
 99.97000000  28.20500000
-69.20400000  27.49900000
-432.17000000  24.67900000
-433.88000000  21.85900000
-556.08000000  18.33200000
-678.07000000  14.10200000
-437.97000000  11.28200000
-439.10000000   8.46140000
-441.45000000   5.64090000
-327.10000000   3.52560000
-420.82000000   0.98712000
-168.63000000   0.00000000
  0.00000000   0.00000000
  0.00000000   0.00000000
  0.00000000   0.00000000
  0.00000000   0.00000000
  0.00000000   0.00000000
  0.00000000   0.00000000
  0.00000000   0.00000000
258.67000000   1.41020000
 17.76400000   1.41020000
 17.76400000   1.41020000
 17.76400000   1.41020000
 17.76400000   1.41020000
170.59000000   2.25640000
374.35000000   4.23060000
281.29000000   5.64090000
282.83000000   7.05110000
356.14000000   8.88450000
453.31000000  11.28200000
526.37000000  14.10200000
165.40000000  14.80700000
-196.44000000  13.39700000
-197.05000000  11.98700000
-173.19000000  10.71800000
333.15000000  12.41000000
575.22000000  15.51300000
769.66000000  19.74300000
771.86000000  23.97400000
653.52000000  27.49900000
414.10000000  29.61400000
246.36000000  30.74300000
150.22000000  31.30700000
247.63000000  32.43500000
200.09000000  33.28200000
176.41000000  33.98600000
152.92000000  34.55000000
 56.51200000  34.55000000
-64.56700000  33.84500000
-64.97900000  33.14100000
 55.37500000  33.14100000
 55.37500000  33.14100000
 55.37500000  33.14100000
 55.37500000  33.14100000
 55.37500000  33.14100000
176.29000000  33.84500000
 80.15200000  33.98600000
152.92000000  34.55000000
104.95000000  34.83300000
129.40000000  35.25600000
153.83000000  35.81900000
106.02000000  36.10100000
 82.04000000  36.24300000
130.61000000  36.66600000
106.76000000  36.94800000
252.22000000  38.07600000
253.41000000  39.20400000
181.62000000  39.90900000
230.92000000  40.89600000
 86.45400000  41.03800000
 38.11400000  40.89600000
-179.99000000  39.48700000
-738.28000000  34.83300000
-741.89000000  30.17900000
-744.97000000  25.52500000
-747.55000000  20.87100000
-749.60000000  16.21700000
-751.05000000  11.56400000
-753.24000000   6.91010000
-768.97000000   2.25640000
-385.46000000   0.00000000
  0.00000000   0.00000000
  0.00000000   0.00000000
  0.00000000   0.00000000
  0.00000000   0.00000000
  0.00000000   0.00000000
  0.00000000   0.00000000
  0.00000000   0.00000000
  0.00000000   0.00000000
  0.00000000   0.00000000
  0.00000000   0.00000000
  0.00000000   0.00000000
  0.00000000   0.00000000
  0.00000000   0.00000000
  0.00000000   0.00000000
  0.00000000   0.00000000
  0.00000000   0.00000000
  0.00000000   0.00000000
  0.00000000   0.00000000
  0.00000000   0.00000000
  0.00000000   0.00000000
  0.00000000   0.00000000
  0.00000000   0.00000000
  0.00000000   0.00000000
  0.00000000   0.00000000
386.17000000   2.11530000
836.71000000   6.76910000
838.83000000  11.42300000
840.40000000  16.07700000
479.93000000  18.61500000
505.46000000  21.29400000
458.54000000  23.69200000
411.59000000  25.80700000
340.36000000  27.49900000
244.86000000  28.62800000
293.90000000  30.03800000
198.26000000  30.88400000
102.06000000  31.16600000
126.33000000  31.58900000
-42.49500000  31.02500000
-43.05800000  30.46100000
-67.66500000  29.75600000
-92.20700000  28.91000000
-68.73600000  28.20500000
-45.01000000  27.64000000
-214.56000000  26.08900000
-191.31000000  24.67900000
-192.27000000  23.26800000
-192.87000000  21.85900000
-314.43000000  19.74300000
-677.57000000  15.51300000
-678.98000000  11.28200000
-632.45000000   7.33320000
-616.19000000   3.52560000
-602.28000000   0.00000000
  0.00000000   0.00000000
  0.00000000   0.00000000
