  0.00000000   0.00000000
  0.00000000   0.00000000
  0.00000000   0.00000000
  0.00000000   0.00000000
  0.00000000   0.00000000
  0.00000000   0.00000000
 51.95400000   0.28205000
133.29000000   0.98715000
115.66000000   1.55120000
171.73000000   2.39740000
1078.70000000   8.46130000
1950.10000000  19.60200000
1642.30000000  28.91000000
1310.70000000  36.24300000
-111.54000000  35.25600000
880.49000000  40.05000000
1006.60000000  45.55000000
624.74000000  48.79400000
531.58000000  51.47300000
534.95000000  54.15200000
441.37000000  56.26800000
638.57000000  59.51100000
473.19000000  61.76800000
184.94000000  62.33200000
-105.81000000  61.20400000
-107.45000000  60.07500000
-473.33000000  56.83200000
-186.31000000  55.28100000
-115.50000000  54.15200000
 77.22300000  54.15200000
271.42000000  55.28100000
-18.40800000  54.71700000
 77.95500000  54.71700000
-480.24000000  51.47300000
-944.81000000  45.55000000
-1071.90000000  38.92200000
-1222.70000000  31.44800000
-1155.20000000  24.39700000
-1351.90000000  16.21800000
-1330.60000000   8.17930000
-1087.40000000   1.69230000
-289.09000000   0.00000000
  0.00000000   0.00000000
  0.00000000   0.00000000
  0.00000000   0.00000000
  0.00000000   0.00000000
  0.00000000   0.00000000
  0.00000000   0.00000000
  0.00000000   0.00000000
207.26000000   1.12820000
2067.90000000  12.97400000
1420.70000000  21.01200000
845.14000000  25.66600000
1017.60000000  31.30700000
1264.40000000  38.35800000
1077.50000000  44.28100000
647.54000000  47.66500000
894.17000000  52.46000000
949.00000000  57.53700000
859.07000000  62.05000000
647.17000000  65.29300000
409.15000000  67.12700000
558.07000000  69.80600000
513.94000000  72.20300000
542.47000000  74.74200000
449.67000000  76.71600000
404.62000000  78.40800000
310.37000000  79.53600000
 44.57400000  79.11300000
141.20000000  79.25400000
 19.68900000  78.69000000
-54.42600000  77.70300000
-56.24000000  76.71600000
 63.70000000  76.43400000
160.58000000  76.71600000
 63.70000000  76.43400000
-58.54100000  75.44700000
-182.00000000  73.75500000
 34.07500000  73.33100000
 82.01000000  73.19000000
 81.76500000  73.04900000
130.19000000  73.19000000
130.44000000  73.33100000
228.04000000  74.03700000
326.66000000  75.30600000
475.06000000  77.42100000
576.45000000  80.10100000
606.02000000  82.92100000
562.92000000  85.45900000
543.78000000  87.85700000
597.66000000  90.53600000
627.93000000  93.35700000
536.64000000  95.61300000
541.84000000  97.86900000
400.61000000  99.28000000
208.55000000  99.56200000
184.79000000  99.70300000
 63.00100000  99.13900000
-353.43000000  96.17700000
-262.50000000  93.78000000
-243.39000000  91.52300000
-150.68000000  89.83100000
-154.26000000  88.13900000
-230.93000000  86.02300000
-283.95000000  83.62600000
-264.30000000  81.37000000
-292.97000000  78.97200000
-248.71000000  76.85700000
-301.21000000  74.46000000
-281.06000000  72.20300000
-309.21000000  69.80600000
-264.49000000  67.69100000
-316.47000000  65.29300000
-465.94000000  62.05000000
-616.33000000  57.96000000
-476.14000000  54.71700000
-189.04000000  53.16500000
-190.98000000  51.61400000
-241.37000000  49.78100000
-1213.20000000  42.30700000
-1292.70000000  34.40900000
-1056.60000000  27.92200000
-987.93000000  21.85800000
-1087.20000000  15.23000000
-1041.20000000   8.88440000
-708.86000000   4.51270000
-233.83000000   2.96150000
-196.05000000   1.69230000
-289.09000000   0.00000000
  0.00000000   0.00000000
  0.00000000   0.00000000
  0.00000000   0.00000000
  0.00000000   0.00000000
  0.00000000   0.00000000
  0.00000000   0.00000000
  0.00000000   0.00000000
685.98000000   3.80760000
1610.20000000  12.97400000
1710.70000000  22.70500000
1644.50000000  32.01200000
1628.40000000  41.17800000
1274.50000000  48.23000000
1186.10000000  54.71700000
1097.90000000  60.63900000
645.00000000  63.88300000
455.54000000  65.99800000
385.96000000  67.69100000
461.70000000  69.80600000
294.95000000  70.93400000
394.21000000  72.62600000
275.48000000  73.61400000
204.20000000  74.17800000
205.20000000  74.74200000
303.59000000  75.87000000
110.86000000  75.87000000
110.86000000  75.87000000
305.64000000  76.99800000
526.93000000  79.39500000
263.53000000  80.24200000
411.35000000  81.93400000
195.36000000  82.35700000
415.53000000  84.04900000
199.56000000  84.47200000
200.41000000  84.89500000
201.27000000  85.31800000
-66.00500000  84.19000000
-214.46000000  82.21600000
 74.07500000  81.93400000
 49.16000000  81.51100000
 -0.38443000  80.80600000
168.80000000  81.08800000
-98.63700000  79.81800000
215.62000000  80.38300000
 21.81700000  79.81800000
 93.82300000  79.67700000
 44.83900000  79.25400000
165.83000000  79.53600000
166.36000000  79.81800000
 69.46400000  79.53600000
 44.57400000  79.11300000
 92.48900000  78.97200000
 92.22600000  78.83100000
-151.57000000  77.28000000
-32.66400000  76.43400000
209.28000000  76.99800000
-471.34000000  73.61400000
715.45000000  77.13900000
356.70000000  78.54900000
432.44000000  80.38300000
362.89000000  81.79300000
146.35000000  81.93400000
439.06000000  83.76700000
247.74000000  84.47200000
395.44000000  86.02300000
227.96000000  86.58800000
253.51000000  87.29300000
279.37000000  88.13900000
134.83000000  88.13900000
183.60000000  88.42100000
 13.48700000  87.71600000
207.10000000  88.13900000
281.16000000  88.98500000
 39.05600000  88.42100000
159.81000000  88.56200000
184.50000000  88.84400000
404.63000000  90.39500000
 90.83700000  90.11300000
187.81000000  90.39500000
188.42000000  90.67700000
189.03000000  90.95900000
238.43000000  91.52300000
239.67000000  92.08700000
314.12000000  93.07500000
145.48000000  93.07500000
243.10000000  93.63900000
-414.47000000  90.39500000
 17.65900000  89.69000000
211.29000000  90.11300000
187.81000000  90.39500000
 42.05100000  89.83100000
284.78000000  90.67700000
115.84000000  90.53600000
 66.74700000  90.11300000
212.20000000  90.53600000
-55.21600000  89.40800000
283.87000000  90.25400000
114.93000000  90.11300000
163.41000000  90.25400000
 90.53500000  89.97200000
187.50000000  90.25400000
-31.42500000  89.26700000
161.60000000  89.40800000
259.47000000  90.11300000
163.41000000  90.25400000
212.51000000  90.67700000
262.22000000  91.38200000
214.96000000  91.80500000
-125.68000000  90.25400000
188.11000000  90.53600000
-128.39000000  88.98500000
282.96000000  89.83100000
 -7.93240000  88.98500000
282.96000000  89.83100000
 89.63000000  89.54900000
 15.85900000  88.84400000
160.70000000  88.98500000
112.22000000  88.84400000
209.49000000  89.26700000
161.60000000  89.40800000
113.12000000  89.26700000
-57.90100000  88.13900000
134.83000000  88.13900000
232.38000000  88.70300000
111.63000000  88.56200000
-10.60400000  87.71600000
182.71000000  87.99800000
110.14000000  87.85700000
134.24000000  87.85700000
158.62000000  87.99800000
 61.37300000  87.57500000
231.19000000  88.13900000
207.99000000  88.56200000
 13.78100000  87.85700000
134.24000000  87.85700000
158.62000000  87.99800000
 12.60300000  87.29300000
352.54000000  88.56200000
135.72000000  88.56200000
 13.78100000  87.85700000
256.17000000  88.56200000
 38.16900000  87.99800000
 61.37300000  87.57500000
 84.87700000  87.29300000
108.68000000  87.15200000
205.92000000  87.57500000
133.65000000  87.57500000
133.65000000  87.57500000
109.26000000  87.43400000
230.90000000  87.99800000
 85.75900000  87.71600000
133.94000000  87.71600000
182.71000000  87.99800000
207.69000000  88.42100000
111.03000000  88.28000000
403.42000000  89.83100000
284.78000000  90.67700000
262.22000000  91.38200000
214.96000000  91.80500000
337.90000000  92.93400000
193.98000000  93.21600000
365.45000000  94.48500000
197.45000000  94.76700000
222.50000000  95.19000000
345.53000000  96.31800000
152.80000000  96.31800000
274.88000000  97.02300000
227.68000000  97.44600000
228.66000000  97.86900000
718.17000000 101.11000000
261.80000000 101.68000000
849.74000000 105.63000000
-386.94000000 102.38000000
 69.41600000 101.82000000
165.78000000 101.82000000
116.91000000 101.54000000
287.26000000 102.24000000
240.11000000 102.66000000
143.40000000 102.52000000
-52.40400000 101.25000000
 66.69300000 100.69000000
 89.77200000 100.27000000
162.04000000 100.27000000
113.19000000  99.98500000
185.80000000 100.13000000
161.71000000 100.13000000
210.56000000 100.41000000
382.26000000 101.68000000
287.61000000 102.38000000
411.53000000 103.79000000
463.92000000 105.48000000
394.86000000 106.75000000
569.30000000 109.01000000
452.90000000 110.56000000
408.08000000 111.83000000
-77.84500000 110.28000000
-350.88000000 107.18000000
 81.32000000 106.61000000
373.29000000 107.74000000
474.03000000 109.43000000
282.78000000 110.00000000
455.51000000 111.55000000
288.38000000 112.11000000
289.89000000 112.68000000
193.52000000 112.68000000
291.40000000 113.24000000
195.04000000 113.24000000
 -0.71484000 112.11000000
192.01000000 112.11000000
 94.14500000 111.55000000
 92.65000000 110.98000000
-80.06000000 109.43000000
-84.07400000 107.88000000
-356.94000000 104.78000000
-242.40000000 102.38000000
-272.60000000  99.84400000
-620.37000000  95.33100000
-142.36000000  93.63900000
219.95000000  94.06200000
  1.24940000  93.21600000
 96.98700000  92.93400000
218.38000000  93.35700000
121.70000000  93.21600000
389.86000000  94.62600000
222.18000000  95.04900000
369.62000000  96.31800000
152.80000000  96.31800000
250.46000000  96.88200000
 32.02100000  96.17700000
128.06000000  96.03600000
127.74000000  95.89500000
-67.86900000  94.62600000
-21.90100000  93.63900000
 73.52200000  93.21600000
 48.18100000  92.65200000
217.75000000  93.07500000
243.10000000  93.63900000
 49.11700000  93.07500000
218.70000000  93.49800000
317.27000000  94.48500000
270.68000000  95.19000000
247.87000000  95.75400000
200.33000000  96.03600000
249.81000000  96.60000000
251.11000000  97.16400000
 81.49900000  96.74100000
349.11000000  97.86900000
156.39000000  97.86900000
156.39000000  97.86900000
302.91000000  98.71500000
256.06000000  99.28000000
208.55000000  99.56200000
233.64000000  99.98500000
 14.81900000  99.13900000
232.64000000  99.56200000
 87.09100000  99.13900000
 12.83000000  98.29200000
206.22000000  98.57400000
206.88000000  98.85600000
 36.59100000  98.15100000
 83.78600000  97.72800000
302.58000000  98.57400000
109.19000000  98.29200000
108.53000000  98.01000000
254.40000000  98.57400000
231.30000000  98.99800000
159.03000000  98.99800000
159.03000000  98.99800000
354.44000000 100.13000000
112.86000000  99.84400000
185.46000000  99.98500000
112.52000000  99.70300000
209.55000000  99.98500000
234.65000000 100.41000000
186.81000000 100.55000000
 40.58200000  99.84400000
258.74000000 100.41000000
284.53000000 101.11000000
212.94000000 101.39000000
335.79000000 102.38000000
 93.84900000 101.96000000
166.12000000 101.96000000
117.26000000 101.68000000
141.01000000 101.54000000
140.66000000 101.39000000
335.79000000 102.38000000
216.02000000 102.66000000
265.59000000 103.23000000
-99.56400000 101.68000000
 18.85100000 100.83000000
 16.82600000  99.98500000
 39.24400000  99.28000000
184.12000000  99.42100000
257.74000000  99.98500000
 -9.60440000  98.99800000
354.44000000 100.13000000
-33.69500000  98.99800000
183.46000000  99.13900000
-133.69000000  97.44600000
 82.15000000  97.02300000
  7.92890000  96.17700000
176.89000000  96.31800000
128.38000000  96.17700000
 30.41100000  95.47200000
 53.22200000  94.90800000
198.41000000  95.19000000
174.64000000  95.33100000
150.55000000  95.33100000
 52.90500000  94.76700000
100.45000000  94.48500000
-22.21500000  93.49800000
219.64000000  93.92100000
 49.74300000  93.35700000
194.92000000  93.63900000
 24.71400000  92.93400000
193.98000000  93.21600000
 -0.62254000  92.36900000
-661.06000000  87.71600000
133.94000000  87.71600000
-61.13000000  86.58800000
 58.45600000  86.16400000
203.87000000  86.58800000
 58.45600000  86.16400000
203.87000000  86.58800000
131.60000000  86.58800000
229.13000000  87.15200000
132.77000000  87.15200000
132.77000000  87.15200000
132.77000000  87.15200000
230.31000000  87.71600000
 36.40200000  87.15200000
230.31000000  87.71600000
231.49000000  88.28000000
 37.57800000  87.71600000
231.49000000  88.28000000
 37.57800000  87.71600000
231.49000000  88.28000000
135.12000000  88.28000000
232.68000000  88.84400000
 38.75900000  88.28000000
 37.57800000  87.71600000
-134.27000000  86.16400000
-259.30000000  83.90800000
-44.44100000  82.92100000
-363.10000000  80.10100000
-149.21000000  78.54900000
-273.83000000  76.29300000
-521.24000000  72.62600000
-454.46000000  69.38300000
  2.34360000  68.81900000
-193.13000000  67.12700000
-560.41000000  63.31900000
-736.00000000  58.52400000
-960.84000000  52.46000000
-555.71000000  48.79400000
-317.37000000  46.53700000
-852.97000000  41.17800000
-1608.20000000  31.44800000
-1058.50000000  24.96100000
-46.98200000  24.39700000
-748.07000000  19.74300000
-918.99000000  14.10200000
-920.89000000   8.46130000
-933.37000000   2.82040000
-481.82000000   0.00000000
  0.00000000   0.00000000
  0.00000000   0.00000000
  0.00000000   0.00000000
  0.00000000   0.00000000
  0.00000000   0.00000000
  0.00000000   0.00000000
  0.00000000   0.00000000
 51.95400000   0.28205000
1052.90000000   6.20500000
1417.90000000  14.24300000
1373.10000000  21.99900000
1305.30000000  29.33300000
1093.10000000  35.39700000
686.84000000  39.06300000
181.59000000  39.76800000
-277.97000000  37.79400000
-424.96000000  34.97300000
-524.00000000  31.58900000
-1227.60000000  24.11500000
-1352.00000000  15.93500000
-1016.80000000   9.73050000
188.07000000  10.57700000
912.48000000  15.65300000
1083.80000000  21.71700000
1135.80000000  28.06300000
1092.10000000  34.12700000
758.33000000  38.21700000
398.81000000  40.19100000
-11.14100000  39.76800000
-568.55000000  36.10200000
-886.10000000  30.60200000
-1010.60000000  24.39700000
-1207.00000000  17.06400000
-1064.70000000  10.57700000
-366.93000000   8.17930000
-785.52000000   3.38450000
-268.32000000   1.69230000
197.94000000   2.67940000
1199.50000000   9.44850000
1274.20000000  16.64100000
1253.50000000  23.69200000
1233.90000000  30.60200000
1070.00000000  36.52500000
494.11000000  39.06300000
133.14000000  39.48600000
-157.13000000  38.21700000
-594.06000000  34.40900000
-959.86000000  28.48600000
-1156.80000000  21.43500000
-1377.00000000  13.11500000
-993.98000000   7.05110000
-469.31000000   4.08960000
-86.88400000   3.38450000
1489.40000000  11.84600000
1275.20000000  19.03800000
1085.70000000  25.10200000
1114.00000000  31.30700000
1022.20000000  36.94800000
979.07000000  42.30700000
 15.14700000  42.02500000
-857.15000000  36.66600000
-1079.20000000  30.03800000
-1180.10000000  22.84600000
-1111.00000000  16.07700000
-1113.30000000   9.30750000
-928.72000000   3.66660000
-626.36000000   0.00000000
  0.00000000   0.00000000
  0.00000000   0.00000000
  0.00000000   0.00000000
  0.00000000   0.00000000
  0.00000000   0.00000000
  0.00000000   0.00000000
  0.00000000   0.00000000
 77.91300000   0.42306000
1512.50000000   9.02540000
1563.80000000  17.91000000
1616.90000000  27.07600000
1163.90000000  33.56300000
1121.10000000  39.76800000
1685.20000000  49.21700000
701.97000000  52.88300000
755.31000000  56.83200000
1222.50000000  63.46000000
1281.70000000  70.37000000
514.91000000  72.76700000
  8.02740000  72.20300000
-41.60000000  71.35700000
-67.35800000  70.37000000
-409.49000000  67.40900000
-681.50000000  62.89600000
-736.59000000  58.10100000
-742.95000000  53.30600000
-991.28000000  47.10100000
-1240.00000000  39.48600000
-980.31000000  33.42200000
-1129.80000000  26.51200000
-1375.10000000  18.19200000
-1571.20000000   8.74340000
-931.61000000   3.10250000
-530.00000000   0.00000000
  0.00000000   0.00000000
  0.00000000   0.00000000
  0.00000000   0.00000000
  0.00000000   0.00000000
  0.00000000   0.00000000
  0.00000000   0.00000000
