   0.0000e+00   0.0000e+00   0.0000e+00
   1.0000e+00   0.0000e+00   0.0000e+00
   2.0000e+00   0.0000e+00   0.0000e+00
   3.0000e+00   0.0000e+00   0.0000e+00
   4.0000e+00   0.0000e+00   0.0000e+00
   5.0000e+00   0.0000e+00   0.0000e+00
   6.0000e+00   5.1954e+01   2.8205e-01
   7.0000e+00   1.3329e+02   9.8715e-01
   8.0000e+00   1.1566e+02   1.5512e+00
   9.0000e+00   1.7173e+02   2.3974e+00
   1.0000e+01   1.0787e+03   8.4613e+00
   1.1000e+01   1.9501e+03   1.9602e+01
   1.2000e+01   1.6423e+03   2.8910e+01
   1.3000e+01   1.3107e+03   3.6243e+01
   1.4000e+01  -1.1154e+02   3.5256e+01
   1.5000e+01   8.8049e+02   4.0050e+01
   1.6000e+01   1.0066e+03   4.5550e+01
   1.7000e+01   6.2474e+02   4.8794e+01
   1.8000e+01   5.3158e+02   5.1473e+01
   1.9000e+01   5.3495e+02   5.4152e+01
   2.0000e+01   4.4137e+02   5.6268e+01
   2.1000e+01   6.3857e+02   5.9511e+01
   2.2000e+01   4.7319e+02   6.1768e+01
   2.3000e+01   1.8494e+02   6.2332e+01
   2.4000e+01  -1.0581e+02   6.1204e+01
   2.5000e+01  -1.0745e+02   6.0075e+01
   2.6000e+01  -4.7333e+02   5.6832e+01
   2.7000e+01  -1.8631e+02   5.5281e+01
   2.8000e+01  -1.1550e+02   5.4152e+01
   2.9000e+01   7.7223e+01   5.4152e+01
   3.0000e+01   2.7142e+02   5.5281e+01
   3.1000e+01  -1.8408e+01   5.4717e+01
   3.2000e+01   7.7955e+01   5.4717e+01
   3.3000e+01  -4.8024e+02   5.1473e+01
   3.4000e+01  -9.4481e+02   4.5550e+01
   3.5000e+01  -1.0719e+03   3.8922e+01
   3.6000e+01  -1.2227e+03   3.1448e+01
   3.7000e+01  -1.1552e+03   2.4397e+01
   3.8000e+01  -1.3519e+03   1.6218e+01
   3.9000e+01  -1.3306e+03   8.1793e+00
   4.0000e+01  -1.0874e+03   1.6923e+00
   4.1000e+01  -2.8909e+02   0.0000e+00
   4.2000e+01   0.0000e+00   0.0000e+00
   4.3000e+01   0.0000e+00   0.0000e+00
   4.4000e+01   0.0000e+00   0.0000e+00
   4.5000e+01   0.0000e+00   0.0000e+00
   4.6000e+01   0.0000e+00   0.0000e+00
   4.7000e+01   0.0000e+00   0.0000e+00
   4.8000e+01   0.0000e+00   0.0000e+00
   4.9000e+01   2.0726e+02   1.1282e+00
   5.0000e+01   2.0679e+03   1.2974e+01
   5.1000e+01   1.4207e+03   2.1012e+01
   5.2000e+01   8.4514e+02   2.5666e+01
   5.3000e+01   1.0176e+03   3.1307e+01
   5.4000e+01   1.2644e+03   3.8358e+01
   5.5000e+01   1.0775e+03   4.4281e+01
   5.6000e+01   6.4754e+02   4.7665e+01
   5.7000e+01   8.9417e+02   5.2460e+01
   5.8000e+01   9.4900e+02   5.7537e+01
   5.9000e+01   8.5907e+02   6.2050e+01
   6.0000e+01   6.4717e+02   6.5293e+01
   6.1000e+01   4.0915e+02   6.7127e+01
   6.2000e+01   5.5807e+02   6.9806e+01
   6.3000e+01   5.1394e+02   7.2203e+01
   6.4000e+01   5.4247e+02   7.4742e+01
   6.5000e+01   4.4967e+02   7.6716e+01
   6.6000e+01   4.0462e+02   7.8408e+01
   6.7000e+01   3.1037e+02   7.9536e+01
   6.8000e+01   4.4574e+01   7.9113e+01
   6.9000e+01   1.4120e+02   7.9254e+01
   7.0000e+01   1.9689e+01   7.8690e+01
   7.1000e+01  -5.4426e+01   7.7703e+01
   7.2000e+01  -5.6240e+01   7.6716e+01
   7.3000e+01   6.3700e+01   7.6434e+01
   7.4000e+01   1.6058e+02   7.6716e+01
   7.5000e+01   6.3700e+01   7.6434e+01
   7.6000e+01  -5.8541e+01   7.5447e+01
   7.7000e+01  -1.8200e+02   7.3755e+01
   7.8000e+01   3.4075e+01   7.3331e+01
   7.9000e+01   8.2010e+01   7.3190e+01
   8.0000e+01   8.1765e+01   7.3049e+01
   8.1000e+01   1.3019e+02   7.3190e+01
   8.2000e+01   1.3044e+02   7.3331e+01
   8.3000e+01   2.2804e+02   7.4037e+01
   8.4000e+01   3.2666e+02   7.5306e+01
   8.5000e+01   4.7506e+02   7.7421e+01
   8.6000e+01   5.7645e+02   8.0101e+01
   8.7000e+01   6.0602e+02   8.2921e+01
   8.8000e+01   5.6292e+02   8.5459e+01
   8.9000e+01   5.4378e+02   8.7857e+01
   9.0000e+01   5.9766e+02   9.0536e+01
   9.1000e+01   6.2793e+02   9.3357e+01
   9.2000e+01   5.3664e+02   9.5613e+01
   9.3000e+01   5.4184e+02   9.7869e+01
   9.4000e+01   4.0061e+02   9.9280e+01
   9.5000e+01   2.0855e+02   9.9562e+01
   9.6000e+01   1.8479e+02   9.9703e+01
   9.7000e+01   6.3001e+01   9.9139e+01
   9.8000e+01  -3.5343e+02   9.6177e+01
   9.9000e+01  -2.6250e+02   9.3780e+01
   1.0000e+02  -2.4339e+02   9.1523e+01
   1.0100e+02  -1.5068e+02   8.9831e+01
   1.0200e+02  -1.5426e+02   8.8139e+01
   1.0300e+02  -2.3093e+02   8.6023e+01
   1.0400e+02  -2.8395e+02   8.3626e+01
   1.0500e+02  -2.6430e+02   8.1370e+01
   1.0600e+02  -2.9297e+02   7.8972e+01
   1.0700e+02  -2.4871e+02   7.6857e+01
   1.0800e+02  -3.0121e+02   7.4460e+01
   1.0900e+02  -2.8106e+02   7.2203e+01
   1.1000e+02  -3.0921e+02   6.9806e+01
   1.1100e+02  -2.6449e+02   6.7691e+01
   1.1200e+02  -3.1647e+02   6.5293e+01
   1.1300e+02  -4.6594e+02   6.2050e+01
   1.1400e+02  -6.1633e+02   5.7960e+01
   1.1500e+02  -4.7614e+02   5.4717e+01
   1.1600e+02  -1.8904e+02   5.3165e+01
   1.1700e+02  -1.9098e+02   5.1614e+01
   1.1800e+02  -2.4137e+02   4.9781e+01
   1.1900e+02  -1.2132e+03   4.2307e+01
   1.2000e+02  -1.2927e+03   3.4409e+01
   1.2100e+02  -1.0566e+03   2.7922e+01
   1.2200e+02  -9.8793e+02   2.1858e+01
   1.2300e+02  -1.0872e+03   1.5230e+01
   1.2400e+02  -1.0412e+03   8.8844e+00
   1.2500e+02  -7.0886e+02   4.5127e+00
   1.2600e+02  -2.3383e+02   2.9615e+00
   1.2700e+02  -1.9605e+02   1.6923e+00
   1.2800e+02  -2.8909e+02   0.0000e+00
   1.2900e+02   0.0000e+00   0.0000e+00
   1.3000e+02   0.0000e+00   0.0000e+00
   1.3100e+02   0.0000e+00   0.0000e+00
   1.3200e+02   0.0000e+00   0.0000e+00
   1.3300e+02   0.0000e+00   0.0000e+00
   1.3400e+02   0.0000e+00   0.0000e+00
   1.3500e+02   0.0000e+00   0.0000e+00
   1.3600e+02   6.8598e+02   3.8076e+00
   1.3700e+02   1.6102e+03   1.2974e+01
   1.3800e+02   1.7107e+03   2.2705e+01
   1.3900e+02   1.6445e+03   3.2012e+01
   1.4000e+02   1.6284e+03   4.1178e+01
   1.4100e+02   1.2745e+03   4.8230e+01
   1.4200e+02   1.1861e+03   5.4717e+01
   1.4300e+02   1.0979e+03   6.0639e+01
   1.4400e+02   6.4500e+02   6.3883e+01
   1.4500e+02   4.5554e+02   6.5998e+01
   1.4600e+02   3.8596e+02   6.7691e+01
   1.4700e+02   4.6170e+02   6.9806e+01
   1.4800e+02   2.9495e+02   7.0934e+01
   1.4900e+02   3.9421e+02   7.2626e+01
   1.5000e+02   2.7548e+02   7.3614e+01
   1.5100e+02   2.0420e+02   7.4178e+01
   1.5200e+02   2.0520e+02   7.4742e+01
   1.5300e+02   3.0359e+02   7.5870e+01
   1.5400e+02   1.1086e+02   7.5870e+01
   1.5500e+02   1.1086e+02   7.5870e+01
   1.5600e+02   3.0564e+02   7.6998e+01
   1.5700e+02   5.2693e+02   7.9395e+01
   1.5800e+02   2.6353e+02   8.0242e+01
   1.5900e+02   4.1135e+02   8.1934e+01
   1.6000e+02   1.9536e+02   8.2357e+01
   1.6100e+02   4.1553e+02   8.4049e+01
   1.6200e+02   1.9956e+02   8.4472e+01
   1.6300e+02   2.0041e+02   8.4895e+01
   1.6400e+02   2.0127e+02   8.5318e+01
   1.6500e+02  -6.6005e+01   8.4190e+01
   1.6600e+02  -2.1446e+02   8.2216e+01
   1.6700e+02   7.4075e+01   8.1934e+01
   1.6800e+02   4.9160e+01   8.1511e+01
   1.6900e+02  -3.8443e-01   8.0806e+01
   1.7000e+02   1.6880e+02   8.1088e+01
   1.7100e+02  -9.8637e+01   7.9818e+01
   1.7200e+02   2.1562e+02   8.0383e+01
   1.7300e+02   2.1817e+01   7.9818e+01
   1.7400e+02   9.3823e+01   7.9677e+01
   1.7500e+02   4.4839e+01   7.9254e+01
   1.7600e+02   1.6583e+02   7.9536e+01
   1.7700e+02   1.6636e+02   7.9818e+01
   1.7800e+02   6.9464e+01   7.9536e+01
   1.7900e+02   4.4574e+01   7.9113e+01
   1.8000e+02   9.2489e+01   7.8972e+01
   1.8100e+02   9.2226e+01   7.8831e+01
   1.8200e+02  -1.5157e+02   7.7280e+01
   1.8300e+02  -3.2664e+01   7.6434e+01
   1.8400e+02   2.0928e+02   7.6998e+01
   1.8500e+02  -4.7134e+02   7.3614e+01
   1.8600e+02   7.1545e+02   7.7139e+01
   1.8700e+02   3.5670e+02   7.8549e+01
   1.8800e+02   4.3244e+02   8.0383e+01
   1.8900e+02   3.6289e+02   8.1793e+01
   1.9000e+02   1.4635e+02   8.1934e+01
   1.9100e+02   4.3906e+02   8.3767e+01
   1.9200e+02   2.4774e+02   8.4472e+01
   1.9300e+02   3.9544e+02   8.6023e+01
   1.9400e+02   2.2796e+02   8.6588e+01
   1.9500e+02   2.5351e+02   8.7293e+01
   1.9600e+02   2.7937e+02   8.8139e+01
   1.9700e+02   1.3483e+02   8.8139e+01
   1.9800e+02   1.8360e+02   8.8421e+01
   1.9900e+02   1.3487e+01   8.7716e+01
   2.0000e+02   2.0710e+02   8.8139e+01
   2.0100e+02   2.8116e+02   8.8985e+01
   2.0200e+02   3.9056e+01   8.8421e+01
   2.0300e+02   1.5981e+02   8.8562e+01
   2.0400e+02   1.8450e+02   8.8844e+01
   2.0500e+02   4.0463e+02   9.0395e+01
   2.0600e+02   9.0837e+01   9.0113e+01
   2.0700e+02   1.8781e+02   9.0395e+01
   2.0800e+02   1.8842e+02   9.0677e+01
   2.0900e+02   1.8903e+02   9.0959e+01
   2.1000e+02   2.3843e+02   9.1523e+01
   2.1100e+02   2.3967e+02   9.2087e+01
   2.1200e+02   3.1412e+02   9.3075e+01
   2.1300e+02   1.4548e+02   9.3075e+01
   2.1400e+02   2.4310e+02   9.3639e+01
   2.1500e+02  -4.1447e+02   9.0395e+01
   2.1600e+02   1.7659e+01   8.9690e+01
   2.1700e+02   2.1129e+02   9.0113e+01
   2.1800e+02   1.8781e+02   9.0395e+01
   2.1900e+02   4.2051e+01   8.9831e+01
   2.2000e+02   2.8478e+02   9.0677e+01
   2.2100e+02   1.1584e+02   9.0536e+01
   2.2200e+02   6.6747e+01   9.0113e+01
   2.2300e+02   2.1220e+02   9.0536e+01
   2.2400e+02  -5.5216e+01   8.9408e+01
   2.2500e+02   2.8387e+02   9.0254e+01
   2.2600e+02   1.1493e+02   9.0113e+01
   2.2700e+02   1.6341e+02   9.0254e+01
   2.2800e+02   9.0535e+01   8.9972e+01
   2.2900e+02   1.8750e+02   9.0254e+01
   2.3000e+02  -3.1425e+01   8.9267e+01
   2.3100e+02   1.6160e+02   8.9408e+01
   2.3200e+02   2.5947e+02   9.0113e+01
   2.3300e+02   1.6341e+02   9.0254e+01
   2.3400e+02   2.1251e+02   9.0677e+01
   2.3500e+02   2.6222e+02   9.1382e+01
   2.3600e+02   2.1496e+02   9.1805e+01
   2.3700e+02  -1.2568e+02   9.0254e+01
   2.3800e+02   1.8811e+02   9.0536e+01
   2.3900e+02  -1.2839e+02   8.8985e+01
   2.4000e+02   2.8296e+02   8.9831e+01
   2.4100e+02  -7.9324e+00   8.8985e+01
   2.4200e+02   2.8296e+02   8.9831e+01
   2.4300e+02   8.9630e+01   8.9549e+01
   2.4400e+02   1.5859e+01   8.8844e+01
   2.4500e+02   1.6070e+02   8.8985e+01
   2.4600e+02   1.1222e+02   8.8844e+01
   2.4700e+02   2.0949e+02   8.9267e+01
   2.4800e+02   1.6160e+02   8.9408e+01
   2.4900e+02   1.1312e+02   8.9267e+01
   2.5000e+02  -5.7901e+01   8.8139e+01
   2.5100e+02   1.3483e+02   8.8139e+01
   2.5200e+02   2.3238e+02   8.8703e+01
   2.5300e+02   1.1163e+02   8.8562e+01
   2.5400e+02  -1.0604e+01   8.7716e+01
   2.5500e+02   1.8271e+02   8.7998e+01
   2.5600e+02   1.1014e+02   8.7857e+01
   2.5700e+02   1.3424e+02   8.7857e+01
   2.5800e+02   1.5862e+02   8.7998e+01
   2.5900e+02   6.1373e+01   8.7575e+01
   2.6000e+02   2.3119e+02   8.8139e+01
   2.6100e+02   2.0799e+02   8.8562e+01
   2.6200e+02   1.3781e+01   8.7857e+01
   2.6300e+02   1.3424e+02   8.7857e+01
   2.6400e+02   1.5862e+02   8.7998e+01
   2.6500e+02   1.2603e+01   8.7293e+01
   2.6600e+02   3.5254e+02   8.8562e+01
   2.6700e+02   1.3572e+02   8.8562e+01
   2.6800e+02   1.3781e+01   8.7857e+01
   2.6900e+02   2.5617e+02   8.8562e+01
   2.7000e+02   3.8169e+01   8.7998e+01
   2.7100e+02   6.1373e+01   8.7575e+01
   2.7200e+02   8.4877e+01   8.7293e+01
   2.7300e+02   1.0868e+02   8.7152e+01
   2.7400e+02   2.0592e+02   8.7575e+01
   2.7500e+02   1.3365e+02   8.7575e+01
   2.7600e+02   1.3365e+02   8.7575e+01
   2.7700e+02   1.0926e+02   8.7434e+01
   2.7800e+02   2.3090e+02   8.7998e+01
   2.7900e+02   8.5759e+01   8.7716e+01
   2.8000e+02   1.3394e+02   8.7716e+01
   2.8100e+02   1.8271e+02   8.7998e+01
   2.8200e+02   2.0769e+02   8.8421e+01
   2.8300e+02   1.1103e+02   8.8280e+01
   2.8400e+02   4.0342e+02   8.9831e+01
   2.8500e+02   2.8478e+02   9.0677e+01
   2.8600e+02   2.6222e+02   9.1382e+01
   2.8700e+02   2.1496e+02   9.1805e+01
   2.8800e+02   3.3790e+02   9.2934e+01
   2.8900e+02   1.9398e+02   9.3216e+01
   2.9000e+02   3.6545e+02   9.4485e+01
   2.9100e+02   1.9745e+02   9.4767e+01
   2.9200e+02   2.2250e+02   9.5190e+01
   2.9300e+02   3.4553e+02   9.6318e+01
   2.9400e+02   1.5280e+02   9.6318e+01
   2.9500e+02   2.7488e+02   9.7023e+01
   2.9600e+02   2.2768e+02   9.7446e+01
   2.9700e+02   2.2866e+02   9.7869e+01
   2.9800e+02   7.1817e+02   1.0111e+02
   2.9900e+02   2.6180e+02   1.0168e+02
   3.0000e+02   8.4974e+02   1.0563e+02
   3.0100e+02  -3.8694e+02   1.0238e+02
   3.0200e+02   6.9416e+01   1.0182e+02
   3.0300e+02   1.6578e+02   1.0182e+02
   3.0400e+02   1.1691e+02   1.0154e+02
   3.0500e+02   2.8726e+02   1.0224e+02
   3.0600e+02   2.4011e+02   1.0266e+02
   3.0700e+02   1.4340e+02   1.0252e+02
   3.0800e+02  -5.2404e+01   1.0125e+02
   3.0900e+02   6.6693e+01   1.0069e+02
   3.1000e+02   8.9772e+01   1.0027e+02
   3.1100e+02   1.6204e+02   1.0027e+02
   3.1200e+02   1.1319e+02   9.9985e+01
   3.1300e+02   1.8580e+02   1.0013e+02
   3.1400e+02   1.6171e+02   1.0013e+02
   3.1500e+02   2.1056e+02   1.0041e+02
   3.1600e+02   3.8226e+02   1.0168e+02
   3.1700e+02   2.8761e+02   1.0238e+02
   3.1800e+02   4.1153e+02   1.0379e+02
   3.1900e+02   4.6392e+02   1.0548e+02
   3.2000e+02   3.9486e+02   1.0675e+02
   3.2100e+02   5.6930e+02   1.0901e+02
   3.2200e+02   4.5290e+02   1.1056e+02
   3.2300e+02   4.0808e+02   1.1183e+02
   3.2400e+02  -7.7845e+01   1.1028e+02
   3.2500e+02  -3.5088e+02   1.0718e+02
   3.2600e+02   8.1320e+01   1.0661e+02
   3.2700e+02   3.7329e+02   1.0774e+02
   3.2800e+02   4.7403e+02   1.0943e+02
   3.2900e+02   2.8278e+02   1.1000e+02
   3.3000e+02   4.5551e+02   1.1155e+02
   3.3100e+02   2.8838e+02   1.1211e+02
   3.3200e+02   2.8989e+02   1.1268e+02
   3.3300e+02   1.9352e+02   1.1268e+02
   3.3400e+02   2.9140e+02   1.1324e+02
   3.3500e+02   1.9504e+02   1.1324e+02
   3.3600e+02  -7.1484e-01   1.1211e+02
   3.3700e+02   1.9201e+02   1.1211e+02
   3.3800e+02   9.4145e+01   1.1155e+02
   3.3900e+02   9.2650e+01   1.1098e+02
   3.4000e+02  -8.0060e+01   1.0943e+02
   3.4100e+02  -8.4074e+01   1.0788e+02
   3.4200e+02  -3.5694e+02   1.0478e+02
   3.4300e+02  -2.4240e+02   1.0238e+02
   3.4400e+02  -2.7260e+02   9.9844e+01
   3.4500e+02  -6.2037e+02   9.5331e+01
   3.4600e+02  -1.4236e+02   9.3639e+01
   3.4700e+02   2.1995e+02   9.4062e+01
   3.4800e+02   1.2494e+00   9.3216e+01
   3.4900e+02   9.6987e+01   9.2934e+01
   3.5000e+02   2.1838e+02   9.3357e+01
   3.5100e+02   1.2170e+02   9.3216e+01
   3.5200e+02   3.8986e+02   9.4626e+01
   3.5300e+02   2.2218e+02   9.5049e+01
   3.5400e+02   3.6962e+02   9.6318e+01
   3.5500e+02   1.5280e+02   9.6318e+01
   3.5600e+02   2.5046e+02   9.6882e+01
   3.5700e+02   3.2021e+01   9.6177e+01
   3.5800e+02   1.2806e+02   9.6036e+01
   3.5900e+02   1.2774e+02   9.5895e+01
   3.6000e+02  -6.7869e+01   9.4626e+01
   3.6100e+02  -2.1901e+01   9.3639e+01
   3.6200e+02   7.3522e+01   9.3216e+01
   3.6300e+02   4.8181e+01   9.2652e+01
   3.6400e+02   2.1775e+02   9.3075e+01
   3.6500e+02   2.4310e+02   9.3639e+01
   3.6600e+02   4.9117e+01   9.3075e+01
   3.6700e+02   2.1870e+02   9.3498e+01
   3.6800e+02   3.1727e+02   9.4485e+01
   3.6900e+02   2.7068e+02   9.5190e+01
   3.7000e+02   2.4787e+02   9.5754e+01
   3.7100e+02   2.0033e+02   9.6036e+01
   3.7200e+02   2.4981e+02   9.6600e+01
   3.7300e+02   2.5111e+02   9.7164e+01
   3.7400e+02   8.1499e+01   9.6741e+01
   3.7500e+02   3.4911e+02   9.7869e+01
   3.7600e+02   1.5639e+02   9.7869e+01
   3.7700e+02   1.5639e+02   9.7869e+01
   3.7800e+02   3.0291e+02   9.8715e+01
   3.7900e+02   2.5606e+02   9.9280e+01
   3.8000e+02   2.0855e+02   9.9562e+01
   3.8100e+02   2.3364e+02   9.9985e+01
   3.8200e+02   1.4819e+01   9.9139e+01
   3.8300e+02   2.3264e+02   9.9562e+01
   3.8400e+02   8.7091e+01   9.9139e+01
   3.8500e+02   1.2830e+01   9.8292e+01
   3.8600e+02   2.0622e+02   9.8574e+01
   3.8700e+02   2.0688e+02   9.8856e+01
   3.8800e+02   3.6591e+01   9.8151e+01
   3.8900e+02   8.3786e+01   9.7728e+01
   3.9000e+02   3.0258e+02   9.8574e+01
   3.9100e+02   1.0919e+02   9.8292e+01
   3.9200e+02   1.0853e+02   9.8010e+01
   3.9300e+02   2.5440e+02   9.8574e+01
   3.9400e+02   2.3130e+02   9.8998e+01
   3.9500e+02   1.5903e+02   9.8998e+01
   3.9600e+02   1.5903e+02   9.8998e+01
   3.9700e+02   3.5444e+02   1.0013e+02
   3.9800e+02   1.1286e+02   9.9844e+01
   3.9900e+02   1.8546e+02   9.9985e+01
   4.0000e+02   1.1252e+02   9.9703e+01
   4.0100e+02   2.0955e+02   9.9985e+01
   4.0200e+02   2.3465e+02   1.0041e+02
   4.0300e+02   1.8681e+02   1.0055e+02
   4.0400e+02   4.0582e+01   9.9844e+01
   4.0500e+02   2.5874e+02   1.0041e+02
   4.0600e+02   2.8453e+02   1.0111e+02
   4.0700e+02   2.1294e+02   1.0139e+02
   4.0800e+02   3.3579e+02   1.0238e+02
   4.0900e+02   9.3849e+01   1.0196e+02
   4.1000e+02   1.6612e+02   1.0196e+02
   4.1100e+02   1.1726e+02   1.0168e+02
   4.1200e+02   1.4101e+02   1.0154e+02
   4.1300e+02   1.4066e+02   1.0139e+02
   4.1400e+02   3.3579e+02   1.0238e+02
   4.1500e+02   2.1602e+02   1.0266e+02
   4.1600e+02   2.6559e+02   1.0323e+02
   4.1700e+02  -9.9564e+01   1.0168e+02
   4.1800e+02   1.8851e+01   1.0083e+02
   4.1900e+02   1.6826e+01   9.9985e+01
   4.2000e+02   3.9244e+01   9.9280e+01
   4.2100e+02   1.8412e+02   9.9421e+01
   4.2200e+02   2.5774e+02   9.9985e+01
   4.2300e+02  -9.6044e+00   9.8998e+01
   4.2400e+02   3.5444e+02   1.0013e+02
   4.2500e+02  -3.3695e+01   9.8998e+01
   4.2600e+02   1.8346e+02   9.9139e+01
   4.2700e+02  -1.3369e+02   9.7446e+01
   4.2800e+02   8.2150e+01   9.7023e+01
   4.2900e+02   7.9289e+00   9.6177e+01
   4.3000e+02   1.7689e+02   9.6318e+01
   4.3100e+02   1.2838e+02   9.6177e+01
   4.3200e+02   3.0411e+01   9.5472e+01
   4.3300e+02   5.3222e+01   9.4908e+01
   4.3400e+02   1.9841e+02   9.5190e+01
   4.3500e+02   1.7464e+02   9.5331e+01
   4.3600e+02   1.5055e+02   9.5331e+01
   4.3700e+02   5.2905e+01   9.4767e+01
   4.3800e+02   1.0045e+02   9.4485e+01
   4.3900e+02  -2.2215e+01   9.3498e+01
   4.4000e+02   2.1964e+02   9.3921e+01
   4.4100e+02   4.9743e+01   9.3357e+01
   4.4200e+02   1.9492e+02   9.3639e+01
   4.4300e+02   2.4714e+01   9.2934e+01
   4.4400e+02   1.9398e+02   9.3216e+01
   4.4500e+02  -6.2254e-01   9.2369e+01
   4.4600e+02  -6.6106e+02   8.7716e+01
   4.4700e+02   1.3394e+02   8.7716e+01
   4.4800e+02  -6.1130e+01   8.6588e+01
   4.4900e+02   5.8456e+01   8.6164e+01
   4.5000e+02   2.0387e+02   8.6588e+01
   4.5100e+02   5.8456e+01   8.6164e+01
   4.5200e+02   2.0387e+02   8.6588e+01
   4.5300e+02   1.3160e+02   8.6588e+01
   4.5400e+02   2.2913e+02   8.7152e+01
   4.5500e+02   1.3277e+02   8.7152e+01
   4.5600e+02   1.3277e+02   8.7152e+01
   4.5700e+02   1.3277e+02   8.7152e+01
   4.5800e+02   2.3031e+02   8.7716e+01
   4.5900e+02   3.6402e+01   8.7152e+01
   4.6000e+02   2.3031e+02   8.7716e+01
   4.6100e+02   2.3149e+02   8.8280e+01
   4.6200e+02   3.7578e+01   8.7716e+01
   4.6300e+02   2.3149e+02   8.8280e+01
   4.6400e+02   3.7578e+01   8.7716e+01
   4.6500e+02   2.3149e+02   8.8280e+01
   4.6600e+02   1.3512e+02   8.8280e+01
   4.6700e+02   2.3268e+02   8.8844e+01
   4.6800e+02   3.8759e+01   8.8280e+01
   4.6900e+02   3.7578e+01   8.7716e+01
   4.7000e+02  -1.3427e+02   8.6164e+01
   4.7100e+02  -2.5930e+02   8.3908e+01
   4.7200e+02  -4.4441e+01   8.2921e+01
   4.7300e+02  -3.6310e+02   8.0101e+01
   4.7400e+02  -1.4921e+02   7.8549e+01
   4.7500e+02  -2.7383e+02   7.6293e+01
   4.7600e+02  -5.2124e+02   7.2626e+01
   4.7700e+02  -4.5446e+02   6.9383e+01
   4.7800e+02   2.3436e+00   6.8819e+01
   4.7900e+02  -1.9313e+02   6.7127e+01
   4.8000e+02  -5.6041e+02   6.3319e+01
   4.8100e+02  -7.3600e+02   5.8524e+01
   4.8200e+02  -9.6084e+02   5.2460e+01
   4.8300e+02  -5.5571e+02   4.8794e+01
   4.8400e+02  -3.1737e+02   4.6537e+01
   4.8500e+02  -8.5297e+02   4.1178e+01
   4.8600e+02  -1.6082e+03   3.1448e+01
   4.8700e+02  -1.0585e+03   2.4961e+01
   4.8800e+02  -4.6982e+01   2.4397e+01
   4.8900e+02  -7.4807e+02   1.9743e+01
   4.9000e+02  -9.1899e+02   1.4102e+01
   4.9100e+02  -9.2089e+02   8.4613e+00
   4.9200e+02  -9.3337e+02   2.8204e+00
   4.9300e+02  -4.8182e+02   0.0000e+00
   4.9400e+02   0.0000e+00   0.0000e+00
   4.9500e+02   0.0000e+00   0.0000e+00
   4.9600e+02   0.0000e+00   0.0000e+00
   4.9700e+02   0.0000e+00   0.0000e+00
   4.9800e+02   0.0000e+00   0.0000e+00
   4.9900e+02   0.0000e+00   0.0000e+00
   5.0000e+02   0.0000e+00   0.0000e+00
   5.0100e+02   5.1954e+01   2.8205e-01
   5.0200e+02   1.0529e+03   6.2050e+00
   5.0300e+02   1.4179e+03   1.4243e+01
   5.0400e+02   1.3731e+03   2.1999e+01
   5.0500e+02   1.3053e+03   2.9333e+01
   5.0600e+02   1.0931e+03   3.5397e+01
   5.0700e+02   6.8684e+02   3.9063e+01
   5.0800e+02   1.8159e+02   3.9768e+01
   5.0900e+02  -2.7797e+02   3.7794e+01
   5.1000e+02  -4.2496e+02   3.4973e+01
   5.1100e+02  -5.2400e+02   3.1589e+01
   5.1200e+02  -1.2276e+03   2.4115e+01
   5.1300e+02  -1.3520e+03   1.5935e+01
   5.1400e+02  -1.0168e+03   9.7305e+00
   5.1500e+02   1.8807e+02   1.0577e+01
   5.1600e+02   9.1248e+02   1.5653e+01
   5.1700e+02   1.0838e+03   2.1717e+01
   5.1800e+02   1.1358e+03   2.8063e+01
   5.1900e+02   1.0921e+03   3.4127e+01
   5.2000e+02   7.5833e+02   3.8217e+01
   5.2100e+02   3.9881e+02   4.0191e+01
   5.2200e+02  -1.1141e+01   3.9768e+01
   5.2300e+02  -5.6855e+02   3.6102e+01
   5.2400e+02  -8.8610e+02   3.0602e+01
   5.2500e+02  -1.0106e+03   2.4397e+01
   5.2600e+02  -1.2070e+03   1.7064e+01
   5.2700e+02  -1.0647e+03   1.0577e+01
   5.2800e+02  -3.6693e+02   8.1793e+00
   5.2900e+02  -7.8552e+02   3.3845e+00
   5.3000e+02  -2.6832e+02   1.6923e+00
   5.3100e+02   1.9794e+02   2.6794e+00
   5.3200e+02   1.1995e+03   9.4485e+00
   5.3300e+02   1.2742e+03   1.6641e+01
   5.3400e+02   1.2535e+03   2.3692e+01
   5.3500e+02   1.2339e+03   3.0602e+01
   5.3600e+02   1.0700e+03   3.6525e+01
   5.3700e+02   4.9411e+02   3.9063e+01
   5.3800e+02   1.3314e+02   3.9486e+01
   5.3900e+02  -1.5713e+02   3.8217e+01
   5.4000e+02  -5.9406e+02   3.4409e+01
   5.4100e+02  -9.5986e+02   2.8486e+01
   5.4200e+02  -1.1568e+03   2.1435e+01
   5.4300e+02  -1.3770e+03   1.3115e+01
   5.4400e+02  -9.9398e+02   7.0511e+00
   5.4500e+02  -4.6931e+02   4.0896e+00
   5.4600e+02  -8.6884e+01   3.3845e+00
   5.4700e+02   1.4894e+03   1.1846e+01
   5.4800e+02   1.2752e+03   1.9038e+01
   5.4900e+02   1.0857e+03   2.5102e+01
   5.5000e+02   1.1140e+03   3.1307e+01
   5.5100e+02   1.0222e+03   3.6948e+01
   5.5200e+02   9.7907e+02   4.2307e+01
   5.5300e+02   1.5147e+01   4.2025e+01
   5.5400e+02  -8.5715e+02   3.6666e+01
   5.5500e+02  -1.0792e+03   3.0038e+01
   5.5600e+02  -1.1801e+03   2.2846e+01
   5.5700e+02  -1.1110e+03   1.6077e+01
   5.5800e+02  -1.1133e+03   9.3075e+00
   5.5900e+02  -9.2872e+02   3.6666e+00
   5.6000e+02  -6.2636e+02   0.0000e+00
   5.6100e+02   0.0000e+00   0.0000e+00
   5.6200e+02   0.0000e+00   0.0000e+00
   5.6300e+02   0.0000e+00   0.0000e+00
   5.6400e+02   0.0000e+00   0.0000e+00
   5.6500e+02   0.0000e+00   0.0000e+00
   5.6600e+02   0.0000e+00   0.0000e+00
   5.6700e+02   0.0000e+00   0.0000e+00
   5.6800e+02   7.7913e+01   4.2306e-01
   5.6900e+02   1.5125e+03   9.0254e+00
   5.7000e+02   1.5638e+03   1.7910e+01
   5.7100e+02   1.6169e+03   2.7076e+01
   5.7200e+02   1.1639e+03   3.3563e+01
   5.7300e+02   1.1211e+03   3.9768e+01
   5.7400e+02   1.6852e+03   4.9217e+01
   5.7500e+02   7.0197e+02   5.2883e+01
   5.7600e+02   7.5531e+02   5.6832e+01
   5.7700e+02   1.2225e+03   6.3460e+01
   5.7800e+02   1.2817e+03   7.0370e+01
   5.7900e+02   5.1491e+02   7.2767e+01
   5.8000e+02   8.0274e+00   7.2203e+01
   5.8100e+02  -4.1600e+01   7.1357e+01
   5.8200e+02  -6.7358e+01   7.0370e+01
   5.8300e+02  -4.0949e+02   6.7409e+01
   5.8400e+02  -6.8150e+02   6.2896e+01
   5.8500e+02  -7.3659e+02   5.8101e+01
   5.8600e+02  -7.4295e+02   5.3306e+01
   5.8700e+02  -9.9128e+02   4.7101e+01
   5.8800e+02  -1.2400e+03   3.9486e+01
   5.8900e+02  -9.8031e+02   3.3422e+01
   5.9000e+02  -1.1298e+03   2.6512e+01
   5.9100e+02  -1.3751e+03   1.8192e+01
   5.9200e+02  -1.5712e+03   8.7434e+00
   5.9300e+02  -9.3161e+02   3.1025e+00
   5.9400e+02  -5.3000e+02   0.0000e+00
   5.9500e+02   0.0000e+00   0.0000e+00
   5.9600e+02   0.0000e+00   0.0000e+00
   5.9700e+02   0.0000e+00   0.0000e+00
   5.9800e+02   0.0000e+00   0.0000e+00
   5.9900e+02   0.0000e+00   0.0000e+00
   6.0000e+02   0.0000e+00   0.0000e+00
